1040
984
685
335
661
1204
741
805
1190
301
1020
48
57
1066
1366
1053
636
1017
447
766
502
1052
91
1358
465
839
49
630
1239
1119
913
443
1301
471
455
1344
1095
1241
65
614
1276
773
1380
340
785
674
1266
982
6
416
730
753
714
68
565
680
630
307
964
708
928
592
5
36
386
1295
832
131
1023
855
1049
668
191
579
342
764
1088
1338
123
161
319
495
1049
989
575
841
664
854
1049
189
416
1169
930
1225
756
537
380
431
563
1167
649
11
693
203
696
711
1376
562
184
294
364
536
1357
1332
1139
678
515
416
856
1047
243
431
673
847
579
727
1255
1158
654
1007
975
1057
818
220
668
789
1131
1117
707
386
75
1271
724
610
911
1073
46
100
662
926
116
1328
455
1347
479
884
1021
57
715
424
759
640
1341
795
159
1149
1152
665
704
27
432
1074
178
1011
555
1287
1103
22
162
1264
664
678
41
64
1190
144
708
72
525
1160
585
953
1052
862
201
1316
1296
1290
1148
851
441
82
844
769
1204
674
260
338
1366
1128
1225
915
933
1145
800
947
139
551
870
567
603
521
1084
268
713
1234
1063
774
1241
1289
746
1162
1117
35
721
618
647
992
470
704
1151
1293
432
62
1199
612
1287
718
645
305
279
255
838
1345
330
580
223
232
1274
388
782
1
195
557
1363
77
401
153
352
1372
637
67
604
357
886
422
750
843
604
463
1339
1371
1172
996
218
467
1269
515
82
574
1077
926
432
253
810
649
1238
1152
603
1356
293
1106
396
1357
903
899
928
246
1331
298
1183
659
624
915
1396
920
1400
727
470
119
1060
395
62
662
441
306
1314
468
9
1352
898
1104
15
93
208
610
49
133
198
1179
688
397
396
1189
190
870
1312
976
410
1069
180
484
667
1134
700
596
1281
716
144
45
1188
14
1036
734
274
460
777
933
744
1030
654
481
1244
1162
867
995
1133
948
397
1180
174
866
370
1162
948
193
1197
222
824
954
328
1035
330
266
590
978
1294
455
221
1164
1245
97
305
1058
1026
208
797
899
291
412
1140
116
1254
156
570
569
63
325
926
532
893
269
702
589
1060
51
1341
81
1213
760
1251
1150
894
1086
374
1328
36
513
1329
542
106
293
1054
697
781
47
1056
43
657
676
528
119
440
1062
713
670
184
777
1038
1272
724
133
741
808
49
75
786
299
924
704
1265
224
834
191
561
1113
1082
502
1197
819
476
570
836
167
789
901
187
490
687
414
1169
811
1159
486
410
741
676
436
706
544
309
1023
391
503
468
1057
324
315
1051
1105
37
371
124
484
644
1170
713
1079
32
422
850
102
424
879
284
189
30
857
1078
862
171
1039
1036
137
1132
97
774
38
369
33
120
499
990
296
1160
147
106
1196
313
1045
655
303
258
674
660
245
1073
772
481
179
85
398
961
820
676
966
707
1326
208
954
77
228
489
389
606
597
438
761
424
218
526
1180
1180
635
1356
217
219
1323
110
650
363
791
626
419
201
561
1374
1382
1375
1076
1060
1224
1075
989
655
977
1032
1351
117
445
718
379
444
855
921
942
22
1023
971
622
1397
737
38
45
571
1394
127
1183
22
1010
1201
574
1030
357
1361
519
96
1175
985
775
1054
530
784
920
1114
869
77
1301
919
718
1310
1278
166
1268
292
784
1095
431
671
431
1124
29
110
726
309
151
844
1009
774
47
438
511
797
1051
1206
272
206
1257
1126
716
944
107
194
520
498
755
155
340
884
824
1279
228
97
1376
623
948
1118
1248
630
852
64
1325
895
258
293
7
1069
36
457
319
1207
264
431
424
923
490
1320
100
524
262
962
988
855
1106
658
920
1361
65
1093
1242
1394
395
253
1384
1019
1175
981
1359
1209
586
334
761
653
258
293
668
950
1153
1027
602
1331
247
756
1317
15
170
1277
233
542
1015
942
227
887
916
965
1006
444
1385
919
349
793
1194
1176
1152
1096
592
623
1273
1144
1232
1326
1200
372
395
865
117
14
64
10
751
783
778
366
1048
421
240
1259
674
351
255
854
1254
1200
474
1042
264
1312
1018
567
512
644
639
54
1157
1117
176
958
256
1334
434
886
756
199
647
214
133
817
131
1377
109
1124
289
950
1326
166
1180
658
892
1032
207
889
345
377
1145
164
474
876
70
459
1090
132
379
794
347
1368
594
1079
991
75
239
191
843
807
1021
485
6
157
1294
264
1164
1140
356
940
781
470
255
885
1313
945
113
1237
820
1180
221
314
921
1014
1384
1036
130
315
986
592
513
540
431
624
1104
265
764
264
795
421
797
1338
694
583
197
369
526
1237
970
365
923
912
304
600
1231
588
347
1190
1271
935
220
1036
1315
1058
971
697
1042
828
161
1052
318
168
1304
593
1273
1280
64
509
1046
1040
356
512
96
589
410
416
780
135
684
558
476
988
192
407
534
352
460
146
785
1110
867
1141
177
929
210
487
558
1289
440
865
695
369
807
436
226
1068
480
395
1154
558
534
1355
1088
661
1027
184
673
885
483
748
1042
381
1369
72
862
99
586
1336
291
25
986
33
1033
24
1222
408
135
1018
633
264
577
324
857
1124
941
364
523
706
157
958
887
1017
127
162
809
839
159
30
1380
121
1294
23
634
339
609
663
1265
220
184
372
725
439
402
667
219
640
939
593
197
1251
1259
1235
667
429
438
1370
67
629
65
95
1175
1142
1056
940
538
388
157
1128
896
1129
255
475
1148
940
924
900
267
111
1362
762
578
78
999
1144
313
1144
667
163
68
324
790
641
533
1369
966
213
1362
772
168
913
1226
142
1390
873
1389
586
225
853
476
75
1354
183
1398
1158
724
585
636
535
796
837
649
1173
246
677
348
981
513
843
367
273
847
701
882
954
1101
1341
1293
146
1005
556
1009
168
75
735
950
1029
268
1170
612
283
1382
882
723
517
412
502
196
1332
837
475
1122
1037
128
38
389
498
524
506
205
396
643
1201
453
1312
1051
681
309
808
789
456
1029
956
1392
21
517
1247
741
949
935
1205
1185
334
577
281
884
1316
930
409
1139
1009
51
63
276
868
172
335
63
1204
1037
838
703
899
470
632
394
1179
791
951
15
399
401
346
211
1108
46
501
801
1386
1020
1229
595
106
824
976
291
973
907
277
1316
1212
891
1070
153
551
1239
1001
639
349
1329
1323
523
1055
550
1304
92
259
396
748
57
315
407
393
730
996
1341
726
595
751
129
749
419
1013
996
986
183
112
556
1215
556
542
831
548
1137
558
343
25
251
314
239
835
1221
908
377
1002
572
1026
957
747
1291
1048
173
1180
1291
863
66
752
475
1398
179
284
1224
623
1308
180
1266
953
213
426
619
293
824
398
489
19
135
730
66
420
691
758
1139
56
1367
804
1081
275
1361
767
286
993
1200
1287
1286
1300
180
463
339
481
806
580
247
859
1084
1397
561
1352
745
1071
11
983
1184
101
684
143
624
474
915
383
1096
979
687
851
524
433
377
9
818
453
172
1220
570
140
1319
1070
1054
1077
720
599
918
1068
322
1023
325
597
470
833
100
