564
264
418
119
465
124
109
65
692
114
370
268
320
183
422
126
229
749
211
252
103
305
594
741
569
187
694
578
35
748
39
374
264
127
474
620
6
284
160
162
204
586
279
81
698
225
223
322
75
478
66
125
729
157
85
15
13
216
162
513
201
206
173
378
589
587
142
238
375
80
115
19
226
93
573
31
698
250
147
559
346
500
474
749
680
631
300
308
605
774
66
163
147
299
458
586
106
237
536
760
612
108
153
142
164
564
72
456
748
319
438
750
309
264
72
724
771
695
69
723
397
141
512
609
134
521
297
553
291
8
750
317
717
487
42
119
626
392
520
107
463
364
731
404
406
350
543
14
423
673
135
219
495
350
266
215
123
191
662
580
447
296
289
378
597
298
432
359
564
424
311
54
268
463
675
414
745
151
190
123
121
7
767
22
23
672
293
308
226
787
154
467
17
311
151
626
383
44
12
409
626
160
794
789
739
398
718
63
0
315
142
520
747
448
267
186
428
409
57
583
247
149
379
379
467
756
170
704
146
485
14
238
532
520
582
434
668
30
242
691
781
217
337
253
235
712
129
612
155
285
559
371
797
129
603
767
339
239
273
190
376
347
429
394
332
109
395
762
676
583
247
510
454
267
367
67
610
758
674
320
519
272
192
83
238
687
4
525
164
475
750
155
549
339
206
256
245
326
783
631
735
685
176
523
474
157
645
344
644
348
198
346
162
217
609
17
650
347
285
355
116
133
760
425
696
497
552
384
789
631
395
194
779
292
764
172
216
719
296
164
121
172
626
189
75
279
650
396
567
552
603
495
736
724
138
254
56
327
624
452
153
691
1
725
407
231
222
688
677
370
619
136
66
115
334
286
248
524
230
428
189
645
22
83
723
149
757
336
37
455
709
233
615
457
793
421
549
749
224
475
376
209
445
121
184
796
385
515
468
604
55
510
218
336
18
175
499
757
426
566
68
559
618
705
536
514
720
672
662
2
766
764
23
262
773
607
320
524
713
466
548
356
317
240
755
305
303
527
693
63
209
258
463
109
654
778
404
796
204
113
174
465
352
719
369
58
699
33
354
733
589
419
737
56
27
761
687
755
783
581
411
741
72
646
715
289
371
424
621
319
462
138
490
152
446
471
453
342
578
424
197
453
264
217
57
566
274
67
13
725
784
58
715
538
455
466
114
439
86
455
200
570
442
529
729
737
211
16
466
115
226
377
606
617
471
623
679
275
145
707
83
800
472
627
452
187
732
60
499
107
385
222
708
190
29
257
63
113
278
679
295
182
617
711
407
467
89
61
189
703
96
670
1
537
272
462
223
674
689
635
74
41
551
706
527
390
80
361
422
11
227
458
88
105
309
426
205
357
52
786
419
440
584
296
228
498
700
278
69
424
553
297
20
188
645
598
637
548
719
234
36
393
250
152
740
189
215
422
419
721
186
218
362
166
560
679
520
328
377
729
133
666
59
15
0
746
252
231
340
605
603
528
49
344
36
580
685
699
713
330
616
409
114
520
86
567
637
728
307
742
752
429
500
34
784
509
607
601
681
545
587
238
342
664
298
773
773
662
241
197
646
587
64
376
745
315
404
527
290
388
192
751
723
186
272
189
381
690
576
107
372
293
670
195
798
529
263
552
635
588
593
24
459
601
31
509
597
704
152
256
335
606
105
724
338
170
132
564
442
79
7
634
368
92
685
294
190
306
353
363
530
737
49
656
221
276
589
521
16
259
493
306
542
199
472
741
231
71
674
469
205
574
485
571
337
423
8
19
232
63
782
557
478
487
148
374
251
604
625
560
178
270
25
666
337
460
477
339
715
766
