317
247
348
367
33
190
149
348
257
217
286
24
252
149
127
165
371
87
273
172
57
183
209
237
342
47
106
347
345
53
264
107
94
228
133
89
235
169
59
316
367
154
231
196
304
225
187
202
328
375
361
345
176
208
15
117
146
382
15
352
274
378
7
202
340
95
43
275
156
137
79
79
108
196
63
194
337
258
67
281
242
82
140
312
148
55
32
326
226
120
169
365
317
400
165
186
353
218
7
220
105
67
156
69
209
182
178
75
315
133
376
234
286
33
12
73
295
126
19
216
75
61
89
65
147
26
334
62
130
275
396
238
114
66
173
364
174
313
217
241
62
13
400
240
371
283
124
176
386
369
347
134
323
371
285
389
244
248
62
120
375
374
72
130
112
351
27
284
322
132
33
300
222
357
247
93
318
317
191
27
317
27
235
400
83
399
76
177
2
342
150
237
227
400
112
387
56
388
128
79
283
68
39
203
318
378
369
275
56
354
144
268
43
150
275
235
22
239
140
140
398
296
276
243
64
339
101
259
262
364
291
160
344
130
210
272
70
363
14
67
352
291
256
113
79
278
161
76
170
65
245
253
325
365
12
197
105
172
360
252
349
294
288
268
235
148
42
82
173
373
278
340
213
79
349
100
328
238
228
40
382
185
322
101
66
78
138
370
250
50
342
124
388
153
1
305
154
304
136
307
319
385
360
359
394
139
5
24
221
22
382
399
283
49
189
301
364
372
349
206
275
115
93
175
150
338
282
159
171
285
51
227
78
356
52
0
88
158
337
63
382
264
257
172
110
399
66
65
221
190
180
328
145
24
136
360
53
82
169
135
89
298
149
162
221
160
325
354
254
362
270
247
320
387
398
275
282
264
96
62
127
251
361
33
380
152
119
301
245
82
242
116
304
342
394
393
310
249
89
372
