100
1333
1459
1647
1855
552
1702
532
1990
1343
229
1839
1575
1854
778
1023
143
155
55
1605
602
1068
1780
215
971
1733
1832
690
540
141
515
820
1893
1476
154
92
68
1907
234
601
1738
709
278
1215
976
1892
335
175
1765
1980
1716
454
459
789
466
1910
989
1905
1178
873
1800
942
668
1041
1937
1917
1873
472
184
1925
1262
1739
1583
818
1686
899
1390
1614
15
1205
795
1222
224
829
658
1368
803
778
5
315
506
1754
1311
745
32
404
393
462
556
464
1814
270
1660
780
1348
602
1107
68
264
66
130
1395
210
1796
1165
1581
941
745
1595
1474
1039
1277
600
1165
1421
1785
1696
547
812
1279
1399
1444
1930
1011
1009
279
508
1896
461
1585
501
928
1224
778
1746
721
461
299
245
427
1751
57
341
295
1861
921
1154
822
1400
153
1109
1180
1790
864
1316
78
1498
415
1989
1681
1218
1276
236
1978
471
854
1495
1085
904
1951
656
538
1518
1255
1505
284
1993
1994
1456
1320
399
225
736
768
1727
1793
130
561
1421
665
1783
1807
1538
1197
936
1957
633
1073
500
460
953
839
1104
670
1466
1891
1573
1676
924
534
663
1608
392
1103
134
1000
879
1715
1359
847
1306
1430
69
1003
193
159
1671
1792
1706
767
1158
3
396
436
448
170
699
1527
1906
725
1786
1076
1023
1130
425
1056
1263
802
460
925
493
1715
1634
1214
1917
1465
1781
1806
608
285
715
416
845
1701
1835
321
722
8
1732
183
816
602
26
1914
1663
1791
533
1748
1311
557
431
1744
444
1371
1608
411
1271
857
1604
1932
22
1522
1522
1474
1358
65
808
523
1777
1408
135
1259
527
21
1900
554
617
46
1582
609
1050
1116
391
1105
1554
108
209
1099
1185
219
301
266
951
1406
555
1951
1574
853
857
1444
542
1604
1510
1956
1901
430
1551
1124
422
317
1627
1624
1672
195
241
857
617
1357
955
310
897
1051
574
803
482
579
1655
799
1023
703
1659
504
1224
1726
1905
1811
585
500
353
72
1642
477
236
1704
289
1432
1201
1649
1241
353
713
1781
714
553
1891
1062
934
694
411
1387
41
1779
784
1912
566
1996
668
966
1172
1642
1733
706
1294
1564
1351
1258
593
383
1503
754
316
1428
915
719
1720
1800
627
1231
966
1948
1396
879
1709
662
68
739
733
631
756
76
772
1707
1145
1142
1888
1334
319
1677
154
938
417
601
488
1574
797
158
198
292
393
1542
150
1770
1313
1380
1463
711
1393
1431
1008
509
1230
862
1468
1696
407
1771
701
476
1908
1882
230
935
521
1680
1412
631
1260
115
877
1238
1143
1129
1720
1187
1289
742
753
879
850
854
1129
394
107
283
654
1569
1203
1664
1413
1804
1610
270
1324
1272
91
1481
344
439
1674
1001
657
746
1575
1314
285
807
1280
1171
1683
1558
317
1110
1221
622
1204
1376
1582
1935
259
70
3
80
1933
597
795
1768
1262
1376
1732
1013
1501
712
59
425
533
362
1770
1593
1867
357
1695
1324
1203
219
243
912
409
1035
1781
1731
598
626
567
839
1080
1239
9
560
1221
1078
1926
380
1088
659
1370
1239
828
1374
1631
789
1703
853
1468
1821
1819
795
144
1041
1290
1348
132
1559
234
1318
490
1611
164
1082
653
668
724
1725
874
558
1066
805
1626
300
1587
1829
1740
885
1236
1319
636
1548
1584
1476
1874
338
1697
541
506
363
489
285
1319
143
1287
1896
1240
305
1419
747
301
727
904
505
294
1821
825
1839
1338
1041
778
1341
1172
672
1751
1017
1106
1610
370
814
693
635
450
1799
118
1475
124
1325
1921
1270
712
1808
623
330
524
1284
10
346
1204
1170
410
246
1037
1236
1676
1858
1181
245
916
514
963
453
1005
1397
785
1203
506
1777
720
1271
1673
858
998
1428
1227
1147
410
734
1787
569
1113
1179
712
28
903
1197
916
328
1101
450
166
954
1205
600
1321
1071
1061
259
853
159
1446
1320
30
504
1104
1333
641
634
975
1436
178
993
1847
1758
315
1787
1693
1865
1154
1529
888
762
870
1239
138
977
1758
334
636
1882
1268
1916
520
896
767
631
1425
1278
1136
448
9
816
1581
1072
1201
1844
1356
792
1542
1821
481
1117
1955
1292
1698
1826
50
496
1142
855
1276
1515
1961
627
234
1365
537
222
615
465
1455
472
1152
1117
920
181
57
65
196
1704
32
44
1413
316
5
138
1986
270
33
369
887
1136
225
1674
189
350
59
1955
148
1033
1292
1909
648
1793
1981
1417
826
1189
1166
719
1685
1635
1399
1501
1364
1626
489
1948
1718
640
458
1646
1543
1350
118
672
786
1350
715
81
568
770
1744
1591
30
64
1822
1550
75
1640
1356
1211
1375
1398
1990
1501
51
329
661
113
870
1934
1316
1055
1436
1051
248
753
1279
357
1539
1497
898
669
881
355
461
1398
1829
724
967
1971
1514
185
64
987
738
941
1902
341
1039
85
267
717
116
1271
1531
103
1545
1067
598
1480
1492
160
1526
274
1412
144
1532
622
1667
1174
1064
1342
636
1988
528
984
562
784
911
321
616
313
512
339
1449
797
1257
271
694
37
1242
527
348
834
1688
166
1354
1864
962
296
40
1600
1669
743
1669
255
1889
1557
1659
740
327
1673
98
973
392
801
1870
1837
366
687
1757
156
1718
1763
197
504
1538
107
1134
1818
1904
315
1351
990
211
1235
72
1639
1300
723
1505
66
1649
1907
469
1665
917
1429
228
912
395
425
239
1259
889
747
898
972
188
44
1885
1754
8
1601
1115
676
247
1931
624
853
827
1517
755
1931
1114
365
265
1096
1524
1090
1779
117
1714
1616
1119
1125
799
45
1630
508
712
1172
1340
613
180
388
1730
1638
721
1572
1177
994
1850
1319
69
532
398
392
356
1544
1889
1872
382
6
1312
348
674
1443
744
360
1957
879
866
757
54
987
1097
1703
978
513
1491
1810
197
1828
1566
1210
1498
1353
1032
537
1254
1942
802
760
711
235
151
536
1343
658
945
307
299
993
1915
583
302
389
1851
1887
913
1515
1906
766
1489
1356
1233
582
1025
391
1015
446
139
646
216
775
783
1629
1049
1580
1748
868
1678
719
166
376
946
1131
1104
1688
1033
1200
1012
1255
1863
534
245
1359
501
1121
1226
741
1378
1316
617
1502
1233
98
276
637
1661
1680
182
452
671
1609
1345
598
378
1631
1470
1900
829
1682
161
1960
807
1830
1409
1754
1956
1818
182
827
282
1713
1333
1125
366
1343
1374
1900
1345
1575
1045
554
1295
1433
1941
738
769
1838
225
377
878
1772
1360
3
321
1687
23
961
1713
1352
755
1091
154
1744
1303
389
889
1469
1634
1220
467
177
1403
1305
132
782
294
1704
1681
1230
1616
1793
711
1077
370
612
1324
330
549
1711
1361
1058
1197
1009
1719
1912
977
1569
1317
497
1156
1502
1346
638
1380
100
11
157
1070
805
1193
388
1690
509
171
1660
1292
1691
1972
1962
182
1779
1079
1046
1704
96
1727
543
716
788
747
677
1113
1994
528
1846
247
71
630
1506
321
1619
1247
444
717
1990
1525
1493
756
242
391
729
910
1273
63
1340
78
1711
1340
574
1431
143
1140
642
1682
1181
1390
588
780
1948
210
66
1633
1688
512
954
1476
1803
438
1981
170
354
776
158
906
1046
1936
1299
432
835
1343
688
174
1125
1993
42
1340
753
1607
1377
633
327
1848
1311
1005
820
224
45
1790
1673
649
1201
1230
1562
1435
1556
1332
789
340
932
560
430
1126
1141
1030
1470
847
1161
473
534
727
1585
889
902
2
1072
606
335
411
1677
291
2000
848
992
1930
1227
644
985
1574
1143
1304
38
1254
1990
1803
1272
507
237
411
1875
1422
1403
852
1810
1398
83
579
111
1253
1369
648
1815
1754
1443
791
880
1630
1060
1556
1639
1682
1044
5
833
1832
451
235
585
220
82
1964
1635
414
1391
1403
225
173
486
35
538
208
344
102
1278
977
979
1179
289
1716
116
475
595
787
620
975
1035
1825
421
1406
1087
1858
168
1814
1877
1953
870
1222
1709
708
1457
74
216
831
152
1648
1320
706
1430
121
249
1994
363
645
1833
1852
1584
1363
3
1786
1632
1251
291
544
1869
1155
787
1501
1376
318
940
1985
143
925
816
409
1187
173
927
82
622
689
1852
1127
508
1818
739
1698
1592
535
675
1353
1501
958
1931
1614
1099
1862
1846
201
1518
60
1857
649
1166
1991
62
299
520
1611
445
1582
1329
145
1518
123
1741
912
908
1615
538
299
1648
1991
1806
382
1115
1767
1202
1687
1369
1670
742
1227
1523
546
1477
1290
742
932
1151
391
496
46
607
1633
799
1873
1492
1788
1510
1256
634
1886
199
1431
246
942
301
1643
31
944
1855
574
181
67
1886
183
1190
735
354
1541
81
951
730
1527
1729
1062
1445
410
679
99
735
1742
374
679
1207
1921
114
726
1050
1876
32
162
90
1111
1370
1561
1973
1124
1782
1068
405
101
438
773
1232
1778
144
701
1648
1335
1414
832
1163
1205
307
1490
1461
1471
857
1975
146
1908
1180
550
1728
563
474
666
1072
1187
1835
1089
572
1347
1115
1709
215
559
1604
1294
245
615
1958
235
1621
1736
1379
226
1875
1602
746
1014
1060
307
920
1653
1964
1209
1278
1445
1253
1693
617
1660
739
1625
442
1718
785
275
326
1753
1860
112
152
4
762
1449
1715
1675
1077
975
1095
86
1777
1804
752
1601
6
1770
1032
632
195
631
1167
1989
1663
74
933
883
1125
1948
861
517
1106
1265
767
972
252
1286
1101
570
702
403
160
1210
187
731
1350
547
1008
744
1941
1956
464
314
1901
1142
411
1986
740
1860
1525
1100
1776
1138
1534
1267
1983
159
1212
1368
1685
762
1606
199
359
607
732
1656
124
482
1086
1524
608
13
666
1170
842
1377
1326
1121
170
1252
158
88
608
196
1845
307
898
210
49
777
596
1689
217
673
493
1148
612
1054
1980
6
1373
1381
1141
1353
597
1363
1477
958
190
681
1365
756
1929
330
1751
995
175
1293
1297
1104
453
195
559
486
934
1421
1298
1358
1697
844
732
1040
289
682
427
1544
1160
1882
780
981
1038
1456
1923
584
1395
1885
698
274
994
1959
865
1110
324
1757
425
967
654
1757
448
1571
1098
1862
1506
1823
151
1101
406
1910
1156
1685
1988
1022
391
1278
802
626
1442
27
1459
903
952
817
246
1149
624
1994
1707
900
1791
1272
1770
862
1466
300
1129
1183
1122
1142
1836
1789
415
1412
653
156
1238
995
162
1025
1579
1627
1001
706
1356
1252
1755
389
1414
204
129
1731
773
192
1915
886
1707
1880
152
650
1277
242
179
246
244
1380
778
1422
1131
423
1042
1818
1530
1639
1962
1060
904
791
135
806
244
142
975
125
1452
1002
1007
