190
393
836
962
347
501
5
877
568
679
329
196
840
427
42
352
346
261
502
589
733
922
557
619
783
846
543
63
221
448
421
169
3
78
355
440
545
556
410
521
831
456
27
750
211
313
570
237
853
77
333
332
332
461
3
480
652
792
687
665
234
157
936
375
618
84
706
603
904
153
343
412
484
555
622
578
229
238
932
834
843
363
327
249
167
442
714
473
903
374
591
564
865
668
481
704
224
424
815
373
200
174
291
255
684
434
726
962
648
63
673
975
83
519
557
768
753
57
792
822
751
928
799
544
37
663
9
359
526
253
85
260
789
306
711
486
154
37
858
287
938
11
207
462
38
72
813
686
791
9
89
731
920
290
879
11
576
928
657
547
166
343
248
399
275
755
235
252
674
195
936
523
934
617
369
207
482
575
89
31
205
701
689
204
330
909
888
918
682
961
342
882
846
939
640
213
465
126
393
201
185
421
530
510
973
759
468
562
812
645
58
829
575
894
553
333
218
204
688
575
294
194
502
596
404
259
436
796
614
467
494
330
280
609
238
951
979
435
97
189
650
977
255
656
424
926
599
584
451
67
750
99
91
590
473
1000
390
83
250
507
863
781
96
230
785
517
122
928
764
75
207
356
727
94
144
146
772
921
559
8
802
297
671
57
610
984
939
884
870
39
886
68
588
381
324
705
715
314
515
187
166
600
155
10
845
409
627
260
890
243
959
459
892
694
783
361
396
350
869
785
721
776
97
196
936
737
943
333
791
501
30
237
37
556
803
188
575
535
110
99
206
416
111
654
858
189
700
583
408
351
754
823
443
356
500
864
447
525
872
240
249
620
245
166
293
219
888
736
342
996
306
56
14
441
692
930
920
639
815
606
476
652
948
779
249
768
397
647
71
485
867
286
210
162
832
352
892
869
298
237
556
268
233
821
390
640
15
615
134
621
580
774
615
67
383
810
840
353
539
170
586
799
397
293
965
585
666
404
326
786
535
467
820
821
858
608
706
692
51
948
422
914
108
828
6
147
463
339
16
112
255
785
946
504
143
937
28
208
673
622
447
261
925
277
111
896
477
38
737
331
613
680
495
689
272
430
1
999
497
377
112
93
753
562
46
716
174
358
71
454
916
166
636
352
649
18
497
877
60
939
569
242
340
227
972
825
723
702
464
614
446
875
193
661
245
695
940
529
875
520
660
674
695
193
69
858
657
467
125
257
231
536
206
615
955
201
68
307
165
337
82
126
696
649
837
133
96
452
317
327
491
133
41
133
903
151
739
46
21
448
990
743
922
453
901
440
912
719
351
867
129
825
855
120
810
170
467
554
185
270
989
455
429
399
600
382
718
524
322
390
32
417
360
935
55
292
226
3
550
862
813
520
973
858
381
467
944
506
556
750
112
350
926
255
536
17
708
538
362
807
407
712
256
814
47
616
345
816
217
267
193
909
15
496
512
70
420
996
692
708
547
658
726
99
80
971
81
81
586
577
295
686
587
820
27
297
884
864
126
789
319
535
209
336
420
331
545
971
941
241
892
21
950
125
248
964
149
402
786
327
698
300
637
930
155
99
614
928
805
283
230
97
94
762
383
525
986
6
753
438
208
455
663
80
543
801
730
897
875
1
851
109
470
849
7
247
92
123
487
507
829
618
824
306
113
550
192
830
200
270
397
253
359
644
447
167
439
272
471
985
74
59
742
565
300
742
134
378
54
519
48
34
125
623
433
190
612
154
319
371
694
770
192
808
631
253
149
292
251
608
20
88
814
664
818
71
988
542
743
37
904
238
224
706
805
792
166
6
813
428
897
342
899
830
579
457
76
785
415
262
436
679
595
44
152
911
548
559
363
575
187
203
64
497
824
957
248
347
264
349
589
446
474
111
735
190
325
386
184
391
493
574
675
890
918
613
273
935
969
120
334
284
696
118
39
700
461
493
123
749
336
528
358
694
920
990
49
710
906
96
636
686
223
907
867
921
880
338
719
305
494
263
463
411
880
354
451
730
471
614
595
420
293
137
938
325
840
335
861
249
924
935
234
778
215
213
856
323
441
591
999
521
433
592
85
483
557
391
853
946
539
280
915
684
417
382
62
360
761
105
946
739
981
33
502
63
862
338
570
77
67
978
783
32
170
216
432
538
992
673
757
508
558
330
163
886
378
200
57
343
764
189
955
230
748
604
822
693
303
217
475
682
698
657
547
993
179
369
767
458
671
481
441
897
511
894
722
761
70
851
679
638
180
338
219
180
728
228
794
796
616
385
293
425
274
914
315
52
437
648
