1757
1637
40
1253
1409
1664
1680
658
1176
1065
938
574
364
1077
1810
1440
1464
404
1824
92
1387
564
1181
1567
673
1537
1833
1720
1611
506
37
477
922
354
888
136
1085
1318
36
1203
370
1782
375
262
374
1273
1366
1678
1030
831
1403
300
701
1899
515
1487
564
573
1892
968
673
1095
271
2000
73
546
867
1446
709
379
1448
1335
1783
1602
1593
1220
25
1711
1232
775
970
484
265
1535
840
464
845
1868
1080
1504
1393
277
1760
244
1792
477
1385
1152
1056
1478
463
400
1645
1520
220
249
1345
891
1834
1553
1226
845
1057
1885
1841
1051
461
1504
618
149
715
1922
1556
76
1999
977
1478
999
618
1941
1883
183
1540
1142
1329
30
1547
131
1337
607
257
1971
1625
1599
1718
556
886
1071
99
1861
1415
1561
1788
1128
467
608
1455
1079
1776
681
384
910
1407
551
697
723
1703
171
1793
698
1415
259
1490
1488
1302
207
213
818
741
1168
1013
665
1084
1682
1565
710
1085
188
1657
1048
103
1121
545
1450
601
949
254
713
293
1152
484
187
367
241
1600
1948
141
216
331
1247
152
195
979
958
1352
1488
220
192
157
2
178
1288
697
990
1400
1078
1507
1406
101
1489
755
1388
963
1959
927
288
1065
1027
1402
1214
1050
1043
940
340
1367
1945
1343
1670
376
1018
822
651
1569
879
1236
621
1126
404
131
399
715
559
1199
1024
1811
414
827
29
973
1581
1017
447
944
77
578
724
1405
1262
463
327
1483
286
1201
1225
771
1609
1902
1421
9
1460
258
1808
175
444
1376
1562
1262
627
257
1570
299
188
1286
753
1992
1160
1388
694
587
335
1869
599
245
1681
35
137
696
1114
1895
822
473
1759
650
819
1083
899
1951
224
280
234
1399
1089
835
1670
624
1976
244
1551
415
1750
68
1542
392
765
1873
180
753
926
465
181
1504
1832
798
1339
1581
664
1692
443
1077
796
1954
1471
1024
1824
978
350
1466
489
1901
16
375
1616
1088
651
188
1870
1603
845
120
1812
1170
1608
1822
1254
643
1948
597
1862
961
684
611
965
1337
1685
713
1622
1620
386
1131
1316
235
1155
837
522
1249
653
377
1352
1932
920
1791
1783
521
1653
271
1594
234
1206
456
1406
38
406
740
1025
1386
901
374
1638
1111
192
1058
125
820
796
1799
492
1863
1304
848
864
563
1821
865
1324
1000
1507
207
758
705
929
281
1345
522
426
691
873
888
71
489
1621
1887
1047
1665
498
1833
1116
400
1518
450
1611
965
776
300
195
463
345
479
227
1656
1211
1010
1311
1386
866
756
1568
1639
111
731
1048
759
123
1277
1777
29
400
870
850
1587
1410
325
1585
1530
1739
1200
1758
207
303
1870
1262
1257
1166
1285
1707
59
210
1990
1843
1915
1600
1022
358
1501
400
420
748
1860
1481
1073
967
1675
1208
1114
951
105
512
1101
209
1372
1516
1256
876
1549
985
1030
170
1235
1209
1450
1197
853
1191
792
243
89
1225
1817
1701
278
1131
1766
128
94
26
1665
1551
911
1715
891
263
390
1356
181
159
809
71
1515
923
489
538
194
1016
950
1819
771
172
1714
82
1623
1356
686
1161
1050
946
1156
1465
1488
1376
1202
1415
1901
1733
814
732
1057
285
880
754
99
575
449
1146
1414
1850
422
658
960
1636
1852
601
624
626
1098
1432
1384
673
420
364
1006
1639
1115
418
44
1975
1171
1895
1627
228
1125
1309
1471
949
1755
1290
185
1707
972
843
170
952
1265
1468
372
1812
334
793
1554
1365
889
882
999
1670
1538
713
1869
1175
1957
1430
1459
397
366
1781
1003
201
5
1529
1225
759
190
1181
128
1573
276
34
1773
1650
1919
532
56
1825
674
910
1097
216
1010
1849
668
1068
1850
126
130
974
1172
252
131
1904
136
1984
776
849
1819
389
1350
1295
27
1626
635
339
1151
4
1791
1667
713
1840
566
1442
653
923
82
1644
397
1359
1010
353
116
1702
319
836
540
1341
703
748
1967
1347
1989
324
1440
1765
1204
1292
1227
337
1917
499
637
1305
1484
1982
336
1601
1308
604
1707
1454
1853
84
629
859
1695
1203
1323
1889
715
1758
1222
1197
1148
1553
1598
541
9
1531
83
539
142
1233
669
1510
1532
1167
1334
517
674
1920
1252
1033
1416
1928
927
317
1161
888
504
746
1265
185
479
129
717
1241
93
119
572
1291
301
349
1299
1615
361
1430
743
512
438
1167
1287
921
822
1893
466
1383
71
424
307
355
340
251
1004
1941
421
1134
770
1055
87
161
1768
3
1502
1492
1433
1001
906
354
748
1039
992
1622
1927
1379
362
1938
572
689
1787
1535
768
1602
66
1627
683
1777
1197
195
1500
927
454
1958
156
1048
688
1890
647
471
724
1990
1320
1431
1618
1722
214
1547
1272
806
615
293
635
499
67
171
1853
1822
1628
428
608
1922
1830
1946
210
1360
1296
246
1975
1174
1685
1499
1979
1235
958
1
753
1446
1518
1545
830
648
435
2
832
826
913
133
285
739
1988
410
738
1598
994
1837
1796
1965
1483
204
935
262
356
862
131
610
329
409
870
1635
90
1479
736
898
1296
598
1864
651
75
786
1753
305
1768
810
200
1129
1462
724
860
659
239
635
1653
13
833
566
423
1595
1322
277
512
774
1736
670
1682
27
1045
1840
514
1944
273
1431
1111
1704
1214
1405
1910
744
1957
1007
236
767
1455
1629
1290
1066
1455
214
513
1184
1384
895
1346
1260
1604
305
695
1701
975
1555
1272
608
1655
86
1147
667
1964
671
961
568
473
1974
642
423
612
1591
258
1853
49
165
1603
0
801
283
1916
385
1059
1393
1390
1254
727
1346
682
1834
1169
1183
1780
1607
1547
1787
1783
1980
1163
981
678
112
432
1888
553
32
8
1151
816
971
1060
1992
1309
1457
354
1722
1470
134
432
1865
524
1681
1969
71
264
916
668
1848
1392
835
1232
913
3
782
175
1937
1701
974
1657
1559
961
1104
1910
1050
848
1214
807
774
1991
220
16
656
952
1903
1158
56
1596
874
943
1755
834
1344
809
1332
25
1767
1351
1017
1542
1008
1688
1411
1550
1844
1734
968
815
258
1470
1874
549
104
418
261
435
124
1348
54
335
1849
742
1758
1608
1827
824
1891
429
847
864
65
173
389
1910
1550
1419
77
1528
1469
85
1773
172
729
926
348
1290
225
353
1030
1444
1636
1106
1092
1940
1206
1594
1806
310
1459
570
1689
1019
654
506
1901
59
1743
830
1263
1265
587
570
167
841
1426
1064
1841
392
907
1041
461
573
1808
947
1396
1226
436
862
947
1266
1050
247
958
282
1053
874
1198
1029
1113
1175
564
1897
1497
1901
423
88
1946
1066
1105
140
1210
1596
1633
1242
90
104
113
1628
1508
1889
1133
1383
902
1111
818
694
584
255
774
1492
824
1930
1199
1503
165
712
1838
1399
1119
1770
941
960
1203
46
945
977
1311
1807
1146
1509
412
81
1501
1669
935
1481
1559
1359
1065
886
774
71
857
557
1685
864
1950
376
459
1042
1989
877
692
233
464
1709
1890
524
1802
1135
206
1554
1251
709
1697
1946
1576
883
1810
1483
1657
358
1008
1997
1044
1434
1878
517
1237
1559
1474
1129
178
323
706
1162
1080
1010
776
1625
229
658
1242
99
756
823
135
782
1942
884
457
831
1912
1344
229
1534
429
157
1205
769
1814
1454
275
1726
890
1663
1349
1898
584
1522
576
937
246
1609
378
1141
1920
238
440
1758
1081
1229
1925
1925
1108
1930
1962
1580
1316
1120
1933
1666
1832
503
617
571
884
913
1962
1249
1132
337
1233
1964
1119
1150
121
1118
1946
1724
1791
158
1687
462
1362
132
1340
1538
707
1898
1649
1786
418
1244
834
248
111
1835
686
294
1486
880
1912
1761
971
668
617
971
643
598
1530
935
791
1996
394
765
993
829
1582
1050
1128
755
296
1785
1146
609
1596
1537
559
938
406
95
609
970
258
1356
989
894
1892
421
871
1189
1808
1545
1240
1028
579
1939
363
209
368
1401
296
1656
1129
718
327
429
1816
1878
997
1285
239
1893
210
1927
12
192
240
1245
601
943
672
1784
408
342
529
1656
394
41
637
77
1236
1680
459
1670
1760
339
1823
1811
1502
37
672
1741
1928
767
464
232
1897
1880
1816
1761
1801
416
1070
1157
1607
187
605
911
1750
1401
1022
507
130
403
215
1093
416
770
1972
1901
651
1556
1842
680
1102
1333
1570
988
1134
1383
1667
285
659
1230
183
1441
267
1394
26
578
1659
378
1899
29
881
281
195
278
814
204
1863
559
1745
1287
1160
783
1273
1205
466
1726
1991
600
1
1297
1358
250
1920
1298
1205
960
1898
1049
52
759
83
1691
217
153
1610
206
53
651
46
1089
1857
858
472
629
1790
1378
1850
18
1343
178
386
1528
1376
317
1692
400
335
1111
228
420
1771
1973
355
872
180
1299
407
697
724
726
1363
691
1580
262
1726
350
1025
504
1395
1029
907
1875
1722
1626
864
960
1544
943
1045
810
1302
676
781
1397
1560
961
516
276
740
803
49
917
1564
544
474
376
1514
112
1973
963
159
1295
1648
915
1717
1914
1614
193
781
38
1426
1465
115
883
1239
1282
1410
1245
25
1003
1825
1053
345
1903
1137
1160
1979
1824
1311
643
821
608
1204
1787
1504
1353
1675
651
1111
873
435
455
1419
934
1617
1461
116
183
1882
1767
109
1586
1442
548
1395
672
1812
918
1506
1210
1758
574
1747
1203
950
104
380
1217
334
835
196
353
326
29
1496
848
570
804
454
1916
1519
1045
1954
187
1940
372
1945
1929
520
1214
476
1052
219
298
238
1187
1627
593
1825
1083
1465
1943
243
28
1765
299
115
1556
647
1880
1951
1901
1660
1905
1668
513
1097
52
1524
1963
1119
334
381
168
818
1512
838
690
259
1841
844
1104
730
1332
404
639
1074
1371
1399
1274
1952
940
170
136
1814
1041
1965
1242
829
1669
1197
1796
688
1738
159
441
189
832
989
671
279
1621
1953
366
1672
572
1684
1436
1835
688
1579
1984
1973
1329
1110
477
54
906
1347
165
754
1253
166
582
705
1043
33
710
1500
1561
1527
1392
129
360
261
909
481
1228
433
1134
1534
1792
112
1070
1856
948
1912
960
1007
14
499
66
705
1606
667
59
126
99
183
579
1064
153
1475
578
270
492
804
1424
793
665
216
488
1149
985
6
1502
1008
1504
1850
867
1088
1790
1967
866
995
399
1144
585
675
446
823
1372
1900
1760
406
1381
512
1412
1992
1150
824
1104
1552
219
1130
890
1033
410
351
948
332
1546
1997
1154
1479
1707
964
1026
590
891
1377
1158
1307
1212
1648
1340
1081
1992
1752
579
881
355
318
459
16
116
323
572
830
874
1672
1498
522
829
350
1893
1902
1993
833
