738
843
1101
219
67
175
174
1058
122
345
1106
435
615
83
1081
1017
614
904
1120
448
995
33
153
817
173
1154
1185
455
657
1087
996
500
704
876
147
994
635
356
540
998
549
251
1109
916
388
579
721
333
317
642
906
35
94
762
425
216
801
324
1041
1098
411
406
824
1139
662
402
1198
829
302
966
591
567
292
426
1014
345
169
304
891
334
35
790
536
767
161
248
757
1139
33
347
107
849
70
774
802
575
627
695
432
1135
1143
38
272
114
405
170
236
360
221
125
404
649
1047
723
1177
1066
349
1073
260
45
690
642
478
503
909
536
143
193
1003
175
811
218
760
967
755
1004
974
294
740
94
239
711
1104
734
297
834
436
1109
311
774
992
152
793
766
1003
689
905
828
780
614
761
996
807
410
673
747
372
529
727
1129
662
19
169
962
837
1034
568
740
669
693
639
603
10
568
328
280
738
1154
104
1084
388
1062
836
650
1143
787
1130
1006
255
1196
1067
169
1025
1164
156
276
247
695
157
1128
151
680
1051
488
697
328
833
524
437
344
688
113
3
842
959
246
663
38
577
894
610
796
279
1124
54
459
1074
657
984
502
424
602
1012
1041
865
803
672
567
207
129
1004
47
785
1079
855
509
740
1018
946
197
853
251
457
1074
382
177
258
236
866
998
913
345
1112
722
319
182
918
131
1031
422
1138
310
814
1067
995
248
859
54
187
1131
1017
835
137
33
872
308
974
498
847
1178
362
1054
967
905
1080
823
146
520
329
287
483
1025
293
17
311
343
287
1199
600
1097
1166
260
171
258
1133
282
1138
160
928
953
1041
572
957
31
110
109
1138
674
248
1025
569
498
207
704
554
235
239
826
386
80
701
1012
1048
583
692
92
854
38
549
1050
1151
181
59
783
51
882
454
527
1053
902
1089
958
1006
93
178
27
590
402
437
77
495
453
1157
619
16
946
247
150
695
392
1004
129
445
718
837
645
788
721
586
350
134
162
368
529
1034
298
1078
351
753
468
708
68
1024
721
975
686
226
497
20
1067
160
362
751
257
31
681
861
325
955
536
8
204
120
1104
45
1116
465
803
173
722
251
261
862
902
982
535
459
937
148
305
1179
288
1089
239
973
58
439
662
865
601
29
483
673
371
64
88
728
1156
249
572
1178
309
933
74
581
1034
621
333
293
668
191
709
411
140
291
291
648
453
971
883
972
953
428
661
33
302
822
1152
4
293
494
815
562
427
524
292
1003
1149
724
1085
672
990
1077
683
838
569
22
942
638
254
606
501
236
287
1143
854
788
7
674
950
10
1172
551
117
758
565
498
1034
835
334
903
1058
698
901
287
1001
1062
25
1110
658
143
351
183
614
70
260
674
191
996
527
644
1024
112
945
670
886
1156
681
619
66
821
649
968
562
21
1041
938
151
1116
320
188
402
803
464
642
383
14
680
607
49
601
40
1199
1176
58
1020
344
178
876
483
1191
868
679
1116
789
707
86
1129
494
919
1150
745
1127
76
655
984
1010
1097
1092
863
370
623
758
1150
757
436
895
1020
763
983
838
268
966
240
776
448
53
129
651
617
1027
1115
127
119
272
431
837
892
894
365
982
941
440
981
945
1079
764
596
974
636
795
374
656
138
31
997
754
91
886
486
136
1090
272
505
1126
1051
817
804
176
853
707
9
711
629
255
860
587
632
1003
483
1056
834
96
1108
839
680
500
21
819
976
525
29
1102
130
248
951
122
1101
1167
505
943
907
443
984
619
1162
557
375
531
252
67
1157
49
798
25
764
1059
532
754
353
76
251
298
933
672
212
661
95
317
418
350
199
371
1070
842
66
789
604
397
933
399
1196
780
1175
937
664
257
1006
850
701
468
1039
854
783
1156
331
785
1104
1076
585
862
891
599
553
977
92
275
706
107
929
1097
1088
624
675
1029
663
529
1002
1123
976
1021
673
620
834
839
712
1001
780
604
857
176
399
844
1024
50
260
219
296
1120
838
803
1025
1005
279
859
374
590
552
735
298
452
97
213
839
830
1083
189
584
521
448
308
712
951
154
876
765
763
1169
727
240
290
70
1003
321
125
244
955
1160
533
529
1156
587
1081
183
909
847
2
747
918
515
1166
459
387
160
869
451
105
346
27
304
65
528
488
259
59
1064
1019
0
995
67
1076
849
51
448
192
577
155
240
486
166
855
917
959
770
838
281
856
835
46
167
521
993
820
900
474
551
353
802
463
418
394
228
957
892
101
99
558
912
410
1111
656
622
617
118
620
939
772
697
259
739
241
1000
943
718
1142
94
537
488
888
1153
531
153
1095
560
501
1196
21
110
869
693
487
658
1191
46
785
305
452
339
367
820
199
477
493
911
758
363
43
967
333
761
888
717
925
105
43
15
855
413
50
136
575
735
144
1080
246
475
957
1042
49
576
778
139
1024
603
835
715
16
1092
906
616
634
693
1047
1118
257
304
200
576
685
682
586
169
1159
558
1191
1098
798
996
668
959
1023
854
734
69
273
1035
109
1151
306
636
939
787
381
1192
1114
246
864
317
951
984
1051
1113
871
613
823
666
292
707
8
603
174
427
819
172
163
936
67
1146
335
230
125
922
940
891
673
1073
635
850
913
928
514
879
1103
690
524
445
837
257
5
265
893
915
943
531
1131
865
173
155
215
569
771
1144
739
87
282
209
927
729
831
1052
468
1028
270
385
963
184
540
502
795
1009
794
187
783
355
1059
447
546
721
16
426
737
594
60
881
649
880
678
136
550
1090
375
626
602
45
115
1033
654
967
82
771
816
733
522
981
1119
53
226
1195
1059
1101
547
1108
1120
895
121
889
116
891
743
532
73
988
707
838
188
592
375
296
879
416
714
826
433
549
863
280
336
688
800
491
682
796
973
152
812
211
847
1037
1022
1052
390
1163
302
101
250
1124
1167
1179
853
193
