1062
1576
1276
605
1575
1597
1418
1282
1036
1265
888
1289
180
1511
251
904
980
1364
1062
1414
725
1406
1649
172
1511
1559
1718
163
934
916
543
1168
1220
1115
1303
893
1314
206
172
1339
132
826
523
1209
464
1677
1208
610
439
1534
1695
575
693
367
720
235
1542
1458
1538
1552
1292
437
1701
152
336
1171
1747
1027
249
1330
1374
1084
1439
1519
1456
480
1563
1203
1558
1239
655
1100
445
672
620
1766
1464
1773
536
1352
1142
1752
149
531
219
1364
800
635
654
1748
1300
541
1638
286
1749
558
764
1118
1655
908
1786
972
1197
1466
1327
1578
145
1089
527
103
614
1785
363
338
1149
1315
105
146
1252
783
1360
979
1590
960
842
1692
1796
1012
874
340
994
364
412
1471
1529
148
1357
289
324
418
427
657
967
1109
949
1525
1484
1622
1718
605
1453
1376
672
1101
121
390
1470
159
599
413
834
936
530
961
890
732
377
396
142
236
1563
535
1205
608
1339
464
85
374
285
904
261
1389
929
111
1551
708
823
340
354
683
829
50
640
167
983
1024
992
832
1502
374
1715
187
1380
1007
1128
1383
1624
54
789
1058
369
781
1061
1127
1385
570
503
458
1315
923
1703
1132
587
1780
538
1366
963
104
294
1713
1193
185
1756
873
667
1573
70
131
635
1616
766
215
924
353
1115
1258
711
1715
1402
1306
595
166
210
516
1353
497
400
1679
179
340
1653
809
176
682
828
347
465
1794
1198
1519
181
1608
513
871
585
749
1324
1582
1441
1225
1762
634
724
667
833
723
610
1561
501
900
341
855
1522
194
1165
707
1578
1329
81
1570
928
767
1166
304
180
7
1559
1441
36
459
757
436
309
245
1714
535
1047
989
890
1393
1726
1183
346
147
1084
320
212
697
1528
287
264
1392
156
139
1540
1150
1147
13
1299
1681
561
81
1195
1393
464
1448
259
1316
194
563
1575
244
1519
375
1694
1690
1392
654
1137
362
1678
1292
266
367
664
330
415
951
398
853
791
7
503
640
1734
1769
661
1659
1541
1249
1153
16
1136
505
456
1574
999
1662
939
1249
467
1569
272
232
150
935
1322
1064
295
803
170
1069
848
1569
1750
913
518
104
578
1043
976
800
697
528
1029
19
1214
541
1396
600
194
902
1251
1618
772
1708
837
484
495
970
1460
1164
1265
404
663
691
691
350
990
574
1339
1554
651
278
868
914
1767
459
1504
1122
951
720
971
1795
790
556
748
497
1624
719
500
1001
1668
762
1211
65
12
78
1001
960
1419
1203
145
501
917
861
418
1501
141
1694
814
22
1260
916
362
629
1254
674
699
791
1041
76
1799
1344
221
1500
1108
43
1069
1132
1127
1302
1671
1219
300
1278
1322
1364
1536
282
802
1772
1775
1646
117
330
147
1788
467
418
1638
948
893
598
979
273
281
1383
734
829
172
808
813
632
833
1114
1323
171
566
160
508
1324
102
1422
1777
1725
1483
1200
208
541
1712
308
1645
538
847
828
922
1404
1535
1
1240
120
1649
1015
258
1143
1468
1787
844
220
1745
38
866
784
1684
1233
122
1128
1286
733
1007
240
1510
944
1567
610
1350
261
1792
321
1321
1744
1115
1780
1341
687
249
732
924
1779
136
523
728
80
885
1648
7
1743
1602
1386
492
522
88
261
680
1250
1001
784
1206
683
1382
192
974
123
1294
1510
1437
907
586
1363
1762
1390
1491
308
1435
1738
927
931
246
1429
1389
1659
704
930
1048
1727
1595
846
1116
443
1107
1649
84
1151
689
26
765
288
286
1330
953
753
420
316
95
1728
1065
1405
706
1609
615
1328
1613
1788
136
735
1567
1349
549
838
1547
406
279
1642
1701
474
1081
1579
99
1521
785
782
415
1771
267
874
485
221
1129
852
63
496
1013
287
1187
354
872
1242
1348
17
666
1
467
1183
1390
1554
1272
990
1116
1053
233
11
1332
84
897
1499
1352
1607
175
1125
1099
1018
1104
1164
404
582
554
824
226
1555
568
1192
950
249
1397
416
482
1108
1462
1224
352
1157
1656
180
1177
52
151
1480
1684
1034
1781
112
830
538
601
1199
915
245
1224
1121
1167
1790
1330
498
1435
1638
1646
872
1625
1588
1375
1098
1349
300
1491
688
1585
1470
298
1161
226
1174
1133
239
769
1353
546
395
905
1789
862
606
419
871
1294
1455
296
1583
36
1660
1086
1195
813
298
377
1794
1639
225
1267
106
1213
176
1308
1349
1760
1060
1544
737
991
1285
1709
1553
801
1555
1664
905
1760
233
1602
1741
537
1545
667
751
937
1403
1307
599
1074
1582
32
934
1062
1706
257
1137
790
219
1664
1654
1072
697
1433
966
356
896
1410
285
401
652
937
779
1092
415
79
1591
641
1551
194
441
928
497
772
841
1369
1262
1310
168
465
1077
1423
149
1741
1704
925
739
1438
1399
862
905
56
1485
1150
403
156
1454
472
1511
1669
264
104
1583
85
828
1127
120
1540
1444
655
135
382
1425
1694
129
89
701
345
205
289
784
1708
240
638
184
446
681
589
726
1079
466
249
1202
49
831
823
1240
86
917
1012
284
1512
485
887
1546
1265
99
814
407
582
1633
264
208
1153
1268
1749
422
380
139
769
1591
534
1111
466
817
1686
19
1537
258
1603
1259
1660
1382
1
892
1603
1153
338
1446
49
1221
669
1237
667
1417
977
250
707
678
84
518
1778
1091
885
1329
1476
136
1058
1441
150
1635
215
1776
330
912
980
1469
487
1323
690
1527
1708
740
105
1634
1748
184
1622
835
1536
1055
1580
872
523
7
1407
777
805
1574
1638
1030
64
1048
11
672
1195
1111
1460
1200
259
198
493
1043
271
703
909
236
1318
250
1608
1142
1412
1361
1394
1539
82
1104
1629
1485
557
1615
1475
961
21
955
1071
1055
21
1410
1686
355
1193
1535
1547
1555
1687
46
1531
714
577
591
1295
1567
310
187
17
529
1748
1773
1094
848
885
1252
1786
254
917
1697
1507
1650
1001
169
305
1770
1418
357
887
1274
1514
649
195
588
275
1195
1479
1712
1146
1003
419
380
1686
785
102
603
1537
1362
373
756
520
1535
928
1391
416
1444
1070
1756
1142
1456
718
927
1375
1699
334
10
43
362
986
98
526
1251
1715
217
742
533
84
752
1708
1628
1029
630
827
906
1630
82
221
1037
1633
1047
422
598
1435
1534
977
839
178
972
660
1385
1150
936
400
1246
469
1684
1115
303
62
8
768
92
888
1304
39
1340
339
330
302
1640
1074
289
729
1725
886
998
471
196
1475
617
741
1557
1229
471
1648
1221
1686
1702
1443
1361
1376
1634
651
178
580
1666
1366
417
900
1547
389
1338
463
1096
1608
1485
1471
1713
759
1062
1213
766
224
1617
1744
1799
433
499
974
951
1535
1012
1530
599
357
646
1459
829
1500
246
1758
1414
1549
912
600
529
1710
1604
1247
333
1657
300
1442
38
1043
1192
621
189
695
753
255
1624
1773
350
1526
893
1194
1587
362
109
914
1297
655
1371
866
399
1477
393
1345
1440
1407
768
972
165
361
641
1157
147
1364
863
610
651
1211
400
1492
1157
583
1800
147
612
582
1285
219
1390
687
10
625
1644
1044
1026
929
561
920
474
1011
300
732
1619
1457
70
927
1371
519
129
880
1287
1291
235
994
1727
1309
1476
424
731
652
1082
1538
1372
1747
621
893
64
1001
1197
737
924
1026
1282
400
850
370
1311
468
1267
1160
1059
1729
861
646
1116
1717
1682
1621
550
942
1048
1227
1659
1280
21
269
1644
652
264
1554
1023
1005
712
1264
696
1744
414
249
41
1534
186
1507
303
1163
1612
630
885
691
819
1101
1675
1159
631
32
777
1163
1208
752
1527
763
114
943
1647
1407
743
1771
50
853
127
815
535
1468
587
26
1624
782
49
1015
689
1780
971
240
1734
1470
928
1755
208
708
1357
1423
973
1500
518
1621
795
566
472
1671
1393
1680
54
1236
200
1180
1708
434
802
33
1258
242
551
72
1257
358
930
1220
439
1327
548
1709
290
1245
841
1430
109
994
1564
893
579
1037
618
1049
888
1540
1542
1664
1488
1188
355
1441
236
450
319
435
1598
177
125
1311
945
1385
1210
997
534
210
1323
665
988
1765
1633
75
1450
751
1474
1337
1666
185
1444
1693
305
469
806
1073
1061
1217
602
339
254
827
1268
1049
928
951
1028
411
418
469
1245
162
1221
1483
374
555
1536
46
473
376
1083
234
47
396
134
804
139
536
1229
225
915
212
1662
1093
227
1303
518
713
982
438
1714
1576
1754
647
1620
681
1115
1601
514
663
281
1319
1349
163
578
112
63
860
359
1658
516
523
1531
1219
428
1799
534
886
1589
1631
720
400
139
1141
872
1204
960
316
1381
746
81
206
764
1640
1556
1320
736
435
342
777
807
1332
802
1110
997
790
1026
302
151
262
746
535
1767
183
813
1756
93
445
67
1530
1316
1230
938
655
572
317
669
1306
633
51
291
21
1743
1787
1536
1246
392
273
837
873
654
797
1065
153
1253
1492
826
1452
1577
1711
1236
879
348
61
1060
684
170
215
823
459
739
961
1642
333
470
698
438
1665
85
1011
1716
1183
101
348
896
607
113
1086
235
88
1252
732
882
1523
1028
1634
386
1592
625
290
187
1734
1398
178
1694
1016
1457
581
336
275
1184
513
1275
60
1627
453
902
1053
1024
246
1646
1229
1264
471
806
398
1176
1094
180
567
101
107
985
1681
1682
715
1364
670
476
1694
268
1427
1536
206
1327
1104
1683
1326
904
853
1141
1204
345
1519
518
116
1445
221
542
1110
1599
1244
1030
