110
99
144
126
71
195
108
121
199
100
31
195
106
151
17
177
123
40
106
79
72
191
50
168
95
35
40
142
49
180
19
33
50
153
64
105
196
84
32
19
32
72
17
96
54
12
50
89
159
56
101
41
8
124
19
58
13
151
192
178
170
106
199
84
51
132
20
136
80
169
155
104
176
104
11
158
45
96
80
94
55
68
34
143
108
70
163
15
77
54
90
113
171
131
42
190
40
44
81
154
18
82
54
37
138
43
57
154
150
199
152
139
43
122
54
2
103
55
92
149
152
54
5
75
9
161
24
121
140
192
112
176
75
148
11
38
30
109
127
157
95
80
42
124
4
193
101
82
79
25
23
172
173
174
144
181
142
25
4
62
38
102
134
4
17
11
168
156
40
165
17
93
180
55
179
114
72
148
60
45
154
26
24
3
116
95
94
20
2
161
120
135
152
21
119
60
173
65
26
54
