1353
819
534
1573
1402
767
1579
121
1457
1457
1416
698
72
367
746
359
1321
1247
460
1240
810
14
164
496
299
50
1543
51
1070
935
860
1018
1194
144
1600
779
648
1544
1382
1332
217
886
1566
87
1597
1353
1055
980
1036
1519
1000
909
1198
325
619
212
1074
1427
897
322
394
942
1345
1465
764
1429
904
63
315
1502
128
923
299
929
947
538
1598
1559
631
1463
1028
1309
122
374
1100
1274
893
758
47
1333
871
184
98
1340
642
1000
445
346
1468
1220
415
1115
1237
1361
325
1300
1576
1264
5
950
390
256
56
855
1462
1086
112
1290
1400
560
1045
799
59
1378
1321
1326
1259
882
132
585
1391
450
623
868
1446
448
1097
722
569
642
1477
24
849
1064
505
1447
1266
799
612
265
903
323
820
375
1121
1519
132
593
118
1123
1355
1423
1117
1065
604
806
1422
464
1317
1584
291
714
378
432
1490
939
1600
1150
737
937
544
670
1256
1296
1124
1202
1477
671
1247
1041
334
1480
941
789
1435
822
296
172
1537
160
1022
1447
1082
1466
482
367
954
1571
721
388
647
1491
1569
1296
1597
1020
1041
1495
6
207
411
450
1442
1584
258
654
113
1017
97
511
540
1158
1164
62
1442
146
892
1241
415
617
111
1124
1513
911
1459
633
91
1076
1324
732
39
840
1514
916
703
936
317
1401
82
961
185
212
1340
1180
331
969
422
445
405
1131
1011
867
872
510
683
410
1440
1133
123
1436
284
758
1500
1590
1126
1512
539
1141
113
216
780
258
566
1268
393
256
61
519
984
650
1357
1386
1581
1150
217
1339
977
1452
898
894
491
1143
1137
565
1234
850
1234
827
1340
1255
263
1501
419
970
1304
691
1024
1181
529
1072
549
849
431
3
101
365
556
961
1273
247
857
268
560
362
1397
412
1558
1040
651
1519
1173
528
1187
1402
1165
932
287
555
1529
667
293
693
1002
32
1450
547
52
762
949
1104
1587
1505
988
1235
1041
1542
576
959
109
624
1446
545
122
750
373
1283
953
308
1500
1092
904
825
1100
889
1091
1378
278
927
1501
529
1438
1294
609
926
505
79
888
737
1051
28
1170
1526
1232
536
463
1239
1149
1164
573
993
348
1300
703
1500
650
167
538
880
1394
372
180
1356
171
1281
238
1402
1461
765
835
1361
1076
802
383
890
1576
617
719
273
5
333
347
826
72
489
1482
1136
1349
1121
680
71
352
945
1334
958
30
1291
281
1300
376
901
496
228
806
491
464
103
1438
99
505
98
8
1305
1115
949
911
202
625
504
347
1184
1098
1282
1216
1005
1073
34
545
1496
1205
1487
1577
237
135
1324
1435
501
747
1014
1062
45
1271
332
1170
133
1489
1027
5
1043
221
815
1460
375
681
1472
1199
1268
214
766
1319
1002
351
874
885
1270
347
1183
463
1059
264
377
1460
697
1594
639
449
1340
1555
941
1408
421
1313
852
876
1281
896
1415
585
442
663
820
217
676
1449
1405
1263
1154
647
940
612
1595
411
576
1459
70
74
955
801
1586
883
404
441
570
525
1496
13
1276
1058
214
1123
35
207
841
224
1234
684
196
1097
499
490
366
1430
449
1565
709
1030
615
1431
1387
269
530
1388
147
1393
1206
1178
1065
430
1178
58
91
518
1517
92
82
866
1420
1473
1271
676
1379
992
619
924
61
938
278
906
1275
1292
1160
524
1599
1111
855
1452
1591
1178
564
1056
1248
243
1571
1197
215
1490
1511
228
961
71
134
599
1325
617
1085
1290
1425
1075
1583
850
394
759
358
1561
559
1397
925
1408
1458
791
1589
623
1547
1567
861
672
1075
713
881
1470
1413
717
19
406
1492
298
1455
935
1370
608
711
1517
993
764
1440
925
1334
1344
575
378
35
1272
637
807
1442
1086
204
885
826
159
1111
489
716
1240
366
352
437
291
931
838
10
366
693
35
1010
1270
101
791
957
937
1246
1021
1498
699
1515
1219
450
71
953
664
552
768
837
166
877
1256
434
194
1065
140
1140
733
682
661
726
251
1409
27
978
175
255
1050
934
826
1449
372
1539
462
834
819
468
1485
604
1472
633
1187
298
1311
650
339
617
173
1101
1198
68
20
1245
586
1176
790
146
162
1013
936
1099
1080
900
186
1200
1382
561
1286
1420
507
1162
4
653
338
968
926
166
159
967
155
1358
19
1037
694
887
266
1406
6
883
1128
414
767
1216
1582
664
816
932
335
138
509
1449
1448
462
979
115
533
1592
1129
247
1260
45
1492
1565
495
438
21
1583
91
711
852
1382
771
311
1571
570
552
823
825
1527
1470
860
1490
218
472
273
399
1101
516
317
712
1534
4
491
1006
1444
1570
1079
584
361
666
170
1111
101
142
1077
254
213
49
549
353
1449
246
1377
758
503
1028
1270
218
936
1236
815
824
43
185
312
1529
1357
1421
575
1243
767
1580
659
222
771
1011
1576
1585
786
1029
400
828
1233
334
1596
136
90
411
892
1473
731
765
1129
682
786
1268
774
1304
1363
478
44
107
1391
879
1541
703
1559
1140
1110
24
958
1305
798
553
1063
1090
1250
1165
1186
472
1448
1496
905
722
1416
563
1032
287
1370
434
1539
481
1239
99
526
391
915
203
1463
818
1119
12
871
71
153
1228
913
1339
1445
1102
430
1434
692
802
563
467
1591
1359
801
880
533
778
1010
904
467
1349
634
766
667
619
913
1540
397
247
449
1489
971
378
967
1547
1151
853
34
109
213
1559
1055
736
947
341
968
1298
1055
936
713
1295
54
482
111
1550
1096
882
1498
733
449
776
10
1184
230
798
235
627
477
1576
1489
576
293
1111
582
31
1121
689
1201
576
696
1151
1389
1447
754
1440
885
1039
145
687
1453
1573
1290
288
37
630
103
0
1598
1275
1301
1102
229
442
1459
488
1584
278
1522
1125
1523
843
131
961
798
71
412
1534
1060
893
893
604
607
415
490
1128
1474
1142
920
156
1090
485
554
840
375
689
1232
64
479
246
300
1513
415
1386
707
829
734
1543
696
429
1475
1016
897
599
1551
116
121
1118
882
1471
132
108
1485
614
580
1475
737
64
1382
1014
1031
199
546
866
1252
1121
963
1048
278
622
416
182
1020
1424
1329
1158
413
238
1046
294
753
1177
1546
638
579
1288
161
1386
177
1157
1037
261
555
1086
18
194
1229
818
1172
3
188
394
1297
1178
1236
1214
1452
582
1258
150
524
709
415
822
224
447
606
1515
835
1410
937
1122
1122
14
1252
964
607
1298
1356
1293
1055
829
372
1419
939
1022
505
447
1064
1331
782
374
854
931
676
1461
959
786
1505
159
368
295
1232
899
1291
1193
976
1551
647
376
434
1086
456
170
412
1099
1343
472
1043
715
1067
1103
205
541
531
1131
1453
1489
866
1478
270
863
1164
1128
854
171
1548
148
1034
268
961
1408
1554
1026
1448
802
902
152
999
221
1591
362
374
103
1417
404
1553
129
23
153
1080
1422
949
824
1476
1084
939
770
78
398
964
224
984
1216
476
742
1566
1199
192
556
1184
1149
949
1469
634
452
1577
563
615
1319
80
127
725
284
644
991
1375
1565
918
885
1010
1061
140
1439
75
98
289
732
1464
1073
1006
1351
1166
865
375
546
1500
563
1348
207
988
960
1209
1445
869
1013
1010
670
848
1306
191
830
1254
849
1550
1453
832
1297
1375
362
1494
1340
390
930
64
305
276
840
1145
825
1246
617
1326
1173
499
1526
1593
910
1296
462
310
260
111
678
482
1347
260
234
772
467
498
96
42
1134
469
745
1117
1270
1018
381
398
683
410
1055
542
765
1354
1406
168
1320
238
1270
1246
1588
925
749
1154
1382
1083
1018
786
1330
228
10
548
1173
105
402
1019
1035
860
1190
288
168
506
1475
697
617
1527
543
739
531
1261
77
433
1468
326
1429
191
563
297
948
722
335
9
768
203
602
915
1093
319
1121
1410
1225
466
1556
1080
490
524
703
1164
1132
1193
949
695
813
1412
750
770
1035
219
42
153
1160
1318
723
1309
604
638
202
1193
408
589
1394
1035
1121
723
248
860
492
646
1249
1447
523
359
1431
794
1459
46
1506
1062
1293
904
448
1094
582
304
206
723
20
841
26
622
1470
1052
413
1110
317
880
618
477
483
66
1380
1292
1442
507
1306
876
1037
727
619
782
806
156
399
1154
211
1076
589
960
712
767
1296
477
796
1249
217
1231
508
335
1405
260
