599
329
587
99
403
374
119
255
525
438
202
217
138
52
69
558
462
256
321
529
192
467
573
254
424
324
32
322
394
542
461
148
594
242
485
117
292
344
290
430
310
304
139
435
229
492
2
553
373
122
286
99
313
592
288
148
435
115
267
89
410
501
451
442
262
102
517
414
459
599
205
208
34
585
397
476
459
158
459
591
126
310
422
385
390
451
196
215
189
282
53
246
414
555
298
303
424
207
241
428
509
261
123
492
321
205
332
289
161
198
52
479
253
502
496
397
323
589
272
522
561
125
424
60
420
554
180
259
413
119
98
463
171
426
340
150
113
171
376
453
323
434
39
566
88
434
32
122
543
280
575
406
103
237
524
96
418
303
12
476
512
263
224
45
94
119
564
113
228
316
527
274
598
76
515
31
84
93
514
343
312
313
335
361
208
289
435
294
360
320
133
173
205
547
247
509
66
486
322
465
303
267
426
466
394
395
526
447
368
546
339
61
272
593
226
582
413
22
249
178
459
569
529
165
12
45
367
584
94
18
486
163
179
362
511
429
57
540
72
51
39
233
114
462
244
557
341
431
151
322
55
28
531
215
373
376
482
292
323
215
573
229
554
89
198
506
560
373
463
161
290
413
428
178
166
324
39
283
67
132
135
368
425
416
459
230
141
392
99
21
313
175
403
430
464
352
69
20
31
107
200
205
140
511
564
244
425
374
412
104
114
28
132
568
569
331
503
475
346
515
218
148
555
495
0
144
306
36
341
543
407
535
42
557
557
367
479
317
554
282
425
12
302
18
221
252
63
189
323
353
385
15
581
562
22
512
196
365
281
331
481
290
524
85
117
530
47
248
373
338
521
215
81
61
580
414
36
364
344
555
598
238
78
71
513
193
74
262
573
54
224
576
228
314
250
185
249
87
474
280
111
120
532
304
241
550
271
91
534
425
272
238
200
592
394
353
126
20
564
216
7
337
0
514
247
317
536
202
590
478
547
163
148
480
273
499
323
535
200
308
14
475
326
162
259
179
109
321
395
375
491
430
248
295
434
80
567
263
88
158
361
92
118
457
323
443
261
41
250
594
392
53
231
567
521
63
566
317
282
43
212
182
330
239
581
26
316
356
111
278
422
373
21
458
260
53
110
135
37
243
97
453
594
172
13
92
566
489
261
354
106
292
278
537
91
311
454
389
118
10
109
496
111
27
269
141
23
52
378
481
517
485
306
200
88
343
466
189
408
593
267
385
523
107
239
396
435
82
591
548
523
543
46
232
454
250
468
220
43
573
279
485
130
592
570
20
204
332
528
59
154
470
163
593
151
466
581
366
450
512
466
251
228
216
89
243
47
521
129
286
75
585
319
40
454
6
108
118
38
221
