2
3
3
3
3
4
5
5
5
6
6
6
8
8
9
9
10
11
13
15
21
22
23
26
27
28
30
30
31
32
32
32
33
35
37
38
40
41
42
44
44
45
45
46
46
49
50
51
54
55
57
57
59
59
60
62
63
64
64
65
65
66
66
66
67
68
68
68
69
69
70
71
72
72
74
74
75
76
78
78
80
81
81
82
82
83
85
86
88
90
91
92
96
98
98
99
100
100
101
102
103
107
107
108
111
112
113
114
115
116
116
117
118
118
121
123
124
124
125
129
130
130
132
132
134
135
135
138
138
139
141
142
143
143
143
143
144
144
144
145
146
148
150
151
151
152
152
152
153
154
154
154
155
156
156
157
158
158
158
159
159
159
160
160
161
162
162
164
166
166
166
168
170
170
170
171
173
173
174
175
175
177
178
179
180
181
181
182
182
182
183
183
184
185
187
188
189
190
192
193
195
195
195
196
196
197
197
198
199
199
201
204
208
209
210
210
210
211
215
215
216
216
217
219
219
220
222
224
224
225
225
225
225
226
228
229
230
234
234
234
235
235
235
236
236
237
239
241
242
242
243
244
244
245
245
245
245
246
246
246
246
247
247
248
249
252
255
259
259
264
265
266
267
270
270
270
271
274
274
275
276
278
279
282
283
284
285
285
285
289
289
289
291
291
292
294
294
295
296
299
299
299
299
300
300
301
301
301
302
305
307
307
307
307
310
313
314
315
315
315
316
316
317
317
318
319
321
321
321
321
324
326
327
327
328
329
330
330
330
334
335
335
338
339
340
341
341
344
344
346
348
348
350
353
353
354
354
355
356
357
357
359
360
362
363
363
365
366
366
369
370
370
374
376
377
378
380
382
382
383
388
388
389
389
389
391
391
391
391
391
392
392
392
393
393
394
395
396
398
399
403
404
405
406
407
409
409
410
410
410
411
411
411
411
411
414
415
415
416
417
421
422
423
425
425
425
425
427
427
430
430
431
432
436
438
438
439
442
444
444
445
446
448
448
448
450
450
451
452
453
453
454
458
459
460
460
461
461
461
462
464
464
465
466
467
469
471
472
472
473
474
475
476
477
481
482
482
486
486
488
489
489
490
493
493
496
496
497
500
500
501
501
504
504
504
505
506
506
506
507
508
508
508
509
509
512
512
513
514
515
517
520
520
521
523
524
527
527
528
528
532
532
533
533
534
534
534
535
536
537
537
538
538
538
540
541
542
543
544
546
547
547
549
550
552
553
554
554
555
556
557
558
559
559
560
560
561
562
563
566
567
568
569
570
572
574
574
574
579
579
582
583
584
585
585
588
593
595
596
597
597
598
598
598
600
600
601
601
602
602
602
606
607
607
608
608
608
609
612
612
613
615
615
616
617
617
617
617
620
622
622
622
623
624
624
626
626
627
627
630
631
631
631
631
632
633
633
634
634
635
636
636
636
637
638
640
641
642
644
645
646
648
648
649
649
650
653
653
654
654
656
657
658
658
659
661
662
663
665
666
666
668
668
668
669
670
671
672
672
673
674
675
676
677
679
679
681
682
687
688
689
690
693
694
694
698
699
701
701
702
703
706
706
706
708
709
711
711
711
712
712
712
712
713
714
715
715
716
717
717
719
719
719
720
721
721
722
723
724
724
725
726
727
727
729
730
731
732
732
733
734
735
735
736
738
738
739
739
739
740
740
741
742
742
742
743
744
744
745
745
746
746
747
747
747
752
753
753
753
754
755
755
756
756
756
757
760
762
762
762
766
767
767
767
768
769
770
772
773
773
775
776
777
778
778
778
778
778
780
780
780
782
783
784
784
785
785
786
787
787
788
789
789
789
791
791
792
795
795
795
797
797
799
799
799
801
802
802
802
803
803
805
805
806
807
807
808
812
814
816
816
816
817
818
820
820
822
825
826
827
827
828
829
829
831
832
833
834
835
839
839
842
844
845
847
847
848
850
852
853
853
853
853
854
854
855
857
857
857
857
858
861
862
862
864
865
866
868
870
870
870
873
874
877
878
879
879
879
879
880
881
883
885
886
887
888
889
889
889
896
897
898
898
898
899
900
902
903
903
904
904
904
906
908
910
911
912
912
912
913
915
916
916
917
920
920
921
924
925
925
927
928
932
932
933
934
934
935
936
938
940
941
941
942
942
944
945
946
951
951
952
953
954
954
955
958
958
961
962
963
966
966
967
967
971
972
972
973
975
975
975
975
976
977
977
977
978
979
981
984
985
987
987
989
990
992
993
993
994
994
995
995
998
1000
1001
1001
1002
1003
1005
1005
1007
1008
1008
1009
1009
1011
1012
1013
1014
1015
1017
1022
1023
1023
1023
1025
1025
1030
1032
1032
1033
1033
1035
1035
1037
1038
1039
1039
1040
1041
1041
1041
1042
1044
1045
1046
1046
1049
1050
1050
1051
1051
1054
1055
1056
1058
1060
1060
1060
1061
1062
1062
1064
1066
1067
1068
1068
1070
1071
1072
1072
1072
1073
1076
1077
1077
1078
1079
1080
1082
1085
1086
1087
1088
1089
1090
1091
1095
1096
1097
1098
1099
1099
1100
1101
1101
1101
1103
1104
1104
1104
1104
1105
1106
1106
1107
1109
1110
1110
1111
1113
1113
1114
1115
1115
1115
1116
1117
1117
1119
1121
1121
1122
1124
1124
1125
1125
1125
1125
1126
1127
1129
1129
1129
1130
1131
1131
1134
1136
1136
1138
1140
1141
1141
1142
1142
1142
1142
1143
1143
1145
1147
1148
1149
1151
1152
1154
1154
1155
1156
1156
1158
1160
1161
1163
1165
1165
1166
1166
1167
1170
1170
1171
1172
1172
1172
1174
1177
1178
1179
1179
1180
1180
1181
1181
1183
1185
1187
1187
1187
1189
1190
1193
1197
1197
1197
1200
1201
1201
1201
1202
1203
1203
1203
1204
1204
1205
1205
1205
1207
1209
1210
1210
1211
1212
1214
1215
1218
1220
1221
1221
1222
1222
1224
1224
1226
1227
1227
1227
1230
1230
1230
1231
1232
1233
1233
1235
1236
1236
1238
1238
1239
1239
1239
1240
1241
1242
1247
1251
1252
1252
1253
1253
1254
1254
1255
1255
1256
1257
1258
1259
1259
1260
1262
1262
1263
1265
1267
1268
1270
1271
1271
1271
1272
1272
1272
1273
1276
1276
1277
1277
1278
1278
1278
1278
1279
1279
1280
1284
1286
1287
1289
1290
1290
1292
1292
1292
1293
1294
1294
1295
1297
1298
1299
1300
1303
1304
1305
1306
1311
1311
1311
1312
1313
1314
1316
1316
1316
1317
1318
1319
1319
1319
1320
1320
1320
1321
1324
1324
1324
1325
1326
1329
1332
1333
1333
1333
1334
1335
1338
1340
1340
1340
1340
1341
1342
1343
1343
1343
1343
1345
1345
1346
1347
1348
1348
1350
1350
1350
1351
1351
1352
1353
1353
1353
1354
1356
1356
1356
1356
1357
1358
1358
1359
1359
1360
1361
1363
1363
1364
1365
1365
1368
1368
1369
1369
1370
1370
1371
1373
1374
1374
1375
1376
1376
1376
1377
1377
1378
1379
1380
1380
1380
1381
1387
1390
1390
1391
1393
1395
1395
1396
1397
1398
1398
1398
1399
1399
1400
1403
1403
1403
1406
1406
1408
1409
1412
1412
1412
1413
1413
1414
1414
1417
1419
1421
1421
1421
1422
1422
1425
1428
1428
1429
1430
1430
1431
1431
1431
1432
1433
1435
1436
1436
1442
1443
1443
1444
1444
1445
1445
1446
1449
1449
1452
1455
1456
1456
1457
1459
1459
1461
1463
1465
1466
1466
1468
1468
1469
1470
1470
1471
1474
1474
1475
1476
1476
1476
1477
1477
1480
1481
1489
1490
1491
1492
1492
1493
1495
1497
1498
1498
1501
1501
1501
1501
1501
1502
1502
1503
1505
1505
1506
1506
1510
1510
1514
1515
1515
1517
1518
1518
1518
1522
1522
1523
1524
1524
1525
1525
1526
1527
1527
1529
1530
1531
1532
1534
1538
1538
1539
1541
1542
1542
1543
1544
1544
1545
1548
1550
1551
1554
1556
1556
1557
1558
1559
1561
1562
1564
1566
1569
1569
1571
1572
1573
1574
1574
1574
1575
1575
1575
1579
1580
1581
1581
1582
1582
1582
1583
1584
1584
1585
1585
1587
1591
1592
1593
1595
1600
1601
1601
1602
1604
1604
1604
1605
1606
1607
1608
1608
1609
1610
1610
1611
1611
1614
1614
1615
1616
1616
1619
1621
1624
1625
1626
1626
1627
1627
1629
1630
1630
1631
1631
1632
1633
1633
1634
1634
1635
1635
1638
1639
1639
1639
1640
1642
1642
1643
1646
1647
1648
1648
1648
1649
1649
1653
1655
1656
1659
1659
1660
1660
1660
1661
1663
1663
1664
1665
1667
1669
1669
1670
1671
1672
1673
1673
1673
1674
1674
1675
1676
1676
1677
1677
1678
1680
1680
1681
1681
1682
1682
1682
1683
1685
1685
1685
1686
1687
1687
1688
1688
1688
1689
1690
1691
1693
1693
1695
1696
1696
1697
1697
1698
1698
1701
1702
1703
1703
1704
1704
1704
1704
1706
1707
1707
1707
1709
1709
1709
1711
1711
1713
1713
1714
1715
1715
1715
1716
1716
1718
1718
1718
1719
1720
1720
1725
1726
1727
1727
1728
1729
1730
1731
1731
1732
1732
1733
1733
1736
1738
1739
1740
1741
1742
1744
1744
1744
1746
1748
1748
1751
1751
1751
1753
1754
1754
1754
1754
1755
1757
1757
1757
1758
1758
1763
1765
1767
1768
1770
1770
1770
1770
1771
1772
1776
1777
1777
1777
1778
1779
1779
1779
1780
1781
1781
1781
1782
1783
1785
1786
1786
1787
1787
1788
1789
1790
1790
1791
1791
1792
1793
1793
1793
1796
1799
1800
1800
1803
1803
1804
1804
1806
1806
1807
1808
1810
1810
1811
1814
1814
1815
1818
1818
1818
1818
1819
1821
1821
1821
1822
1823
1825
1826
1828
1829
1829
1830
1832
1832
1833
1835
1835
1836
1837
1838
1839
1839
1844
1845
1846
1846
1847
1848
1850
1851
1852
1852
1854
1855
1855
1857
1858
1858
1860
1860
1861
1862
1862
1863
1864
1865
1867
1869
1870
1872
1873
1873
1874
1875
1875
1876
1877
1880
1882
1882
1882
1885
1885
1886
1886
1887
1888
1889
1889
1891
1891
1892
1893
1896
1896
1900
1900
1900
1901
1901
1902
1904
1905
1905
1906
1906
1907
1907
1908
1908
1909
1910
1910
1912
1912
1914
1915
1915
1916
1917
1917
1921
1921
1923
1925
1926
1929
1930
1930
1931
1931
1931
1932
1933
1934
1935
1936
1937
1941
1941
1942
1948
1948
1948
1948
1951
1951
1953
1955
1955
1956
1956
1956
1957
1957
1958
1959
1960
1961
1962
1962
1964
1964
1971
1972
1973
1975
1978
1980
1980
1981
1981
1983
1985
1986
1986
1988
1988
1989
1989
1990
1990
1990
1990
1991
1991
1993
1993
1994
1994
1994
1994
1996
2000
