1
1
3
3
3
5
6
6
6
7
8
9
9
10
11
11
14
15
15
16
17
18
20
21
21
27
27
28
30
31
32
32
33
34
37
37
37
37
38
38
39
39
41
42
44
46
46
47
48
49
51
52
54
55
56
57
57
57
58
59
60
62
63
63
63
64
67
67
67
68
68
69
70
70
71
71
71
72
74
75
76
77
77
78
80
80
81
81
82
83
83
84
85
85
88
89
89
91
92
93
94
94
96
96
96
97
97
97
99
99
99
99
105
108
109
110
111
111
111
112
112
112
113
118
120
120
122
123
123
125
125
125
126
126
126
129
133
133
133
134
134
137
143
144
146
147
149
149
151
152
153
154
154
155
155
157
162
163
165
166
166
166
166
166
167
167
169
170
170
170
174
174
179
180
180
184
185
185
187
187
188
189
189
189
190
190
190
192
192
193
193
193
194
195
196
196
200
200
200
201
201
203
204
204
205
206
206
207
207
207
208
208
209
210
211
213
213
215
216
217
217
218
219
219
221
223
224
224
226
227
228
229
230
230
230
231
233
234
234
235
237
237
237
238
238
238
240
241
242
243
245
245
247
248
248
248
249
249
249
249
250
251
252
253
253
253
255
255
255
255
256
257
259
260
260
261
261
262
263
264
267
268
270
270
272
272
273
274
275
277
280
280
283
284
286
287
290
291
292
292
293
293
293
293
294
295
297
297
298
300
300
303
305
306
306
306
307
313
314
315
317
319
319
322
323
324
325
325
326
327
327
327
329
330
330
330
331
331
332
332
333
333
333
334
335
336
336
337
338
338
338
339
340
342
342
342
343
343
343
345
346
347
347
349
350
350
351
351
352
352
352
353
354
355
356
356
358
358
359
359
360
360
361
362
363
363
369
369
371
373
374
375
377
378
378
381
381
382
382
383
383
385
386
390
390
390
391
391
393
393
396
397
397
397
399
399
402
404
404
407
408
409
410
411
412
415
416
417
417
420
420
420
421
421
422
424
424
425
427
428
429
430
432
433
433
434
435
436
436
437
438
439
440
440
441
441
441
442
443
446
446
447
447
447
448
448
451
451
452
453
454
455
455
456
457
458
459
461
461
462
463
463
464
465
467
467
467
467
467
468
470
471
471
473
473
474
475
476
477
480
481
481
482
483
484
485
486
487
491
493
493
494
494
495
496
497
497
497
500
501
501
502
502
502
504
506
507
507
508
510
511
512
515
517
519
519
520
520
521
521
523
524
525
525
526
528
529
530
535
535
535
536
536
538
538
539
539
542
543
543
544
545
545
547
547
547
548
550
550
553
554
555
556
556
556
556
557
557
557
558
559
559
562
562
564
565
568
569
570
570
574
575
575
575
575
575
576
577
578
579
580
583
584
585
586
586
587
588
589
589
590
591
591
592
595
595
596
599
600
600
603
604
606
608
608
609
610
612
613
613
614
614
614
614
615
615
615
616
616
617
618
618
619
620
621
622
622
623
627
631
636
636
637
638
639
640
640
644
645
647
648
648
649
649
650
652
652
654
656
657
657
657
658
660
661
663
663
664
665
666
668
671
671
673
673
673
674
674
675
679
679
679
680
682
682
684
684
686
686
686
687
688
689
689
692
692
692
693
694
694
694
695
695
696
696
698
698
700
700
701
702
704
705
706
706
706
708
708
710
711
712
714
715
716
718
719
719
721
722
723
726
726
727
728
730
730
731
733
735
736
737
737
739
739
742
742
743
743
748
749
750
750
750
751
753
753
753
754
755
757
759
761
761
762
764
764
767
768
768
770
772
774
776
778
779
781
783
783
783
785
785
785
785
786
786
789
789
791
791
792
792
792
794
796
796
799
799
801
802
803
805
805
807
808
810
810
812
813
813
813
814
814
815
815
816
818
820
820
821
821
822
822
823
824
824
825
825
828
829
829
830
830
831
832
834
836
837
840
840
840
843
845
846
846
849
851
851
853
853
855
856
858
858
858
858
858
861
862
862
863
864
864
865
867
867
867
869
869
870
872
875
875
875
877
877
879
880
880
882
884
884
886
886
888
888
890
890
892
892
892
894
894
896
897
897
897
899
901
903
903
904
904
906
907
909
909
911
912
914
914
915
916
918
918
920
920
920
921
921
922
922
924
925
926
926
928
928
928
928
930
930
932
934
935
935
935
936
936
936
937
938
938
939
939
939
940
941
943
944
946
946
946
948
948
950
951
955
955
957
959
961
962
962
964
965
969
971
971
972
973
973
975
977
978
979
981
984
985
986
988
989
990
990
992
993
996
996
999
999
1000
