1400
1398
1398
1397
1397
1396
1394
1394
1392
1390
1389
1386
1385
1384
1384
1382
1382
1380
1380
1377
1376
1376
1375
1374
1372
1371
1370
1369
1369
1368
1367
1366
1366
1363
1362
1362
1361
1361
1361
1359
1358
1357
1357
1356
1356
1355
1354
1352
1352
1351
1347
1345
1344
1341
1341
1341
1341
1339
1338
1338
1336
1334
1332
1332
1331
1331
1329
1329
1328
1328
1326
1326
1326
1325
1323
1323
1320
1319
1317
1316
1316
1316
1315
1314
1313
1312
1312
1312
1310
1308
1304
1304
1301
1301
1300
1296
1295
1294
1294
1294
1293
1293
1291
1291
1290
1289
1289
1287
1287
1287
1286
1281
1280
1279
1278
1277
1276
1274
1273
1273
1272
1271
1271
1269
1268
1266
1266
1265
1265
1264
1259
1259
1257
1255
1254
1254
1251
1251
1248
1247
1245
1244
1242
1241
1241
1239
1239
1238
1237
1237
1235
1234
1232
1231
1229
1226
1225
1225
1224
1224
1222
1221
1220
1215
1213
1212
1209
1207
1206
1205
1204
1204
1204
1201
1201
1200
1200
1200
1199
1197
1197
1196
1194
1190
1190
1190
1189
1188
1185
1184
1183
1183
1180
1180
1180
1180
1180
1180
1179
1179
1176
1175
1175
1175
1173
1172
1170
1170
1169
1169
1167
1164
1164
1162
1162
1162
1160
1160
1159
1158
1158
1157
1154
1153
1152
1152
1152
1151
1150
1149
1148
1148
1145
1145
1144
1144
1144
1142
1141
1140
1140
1139
1139
1139
1137
1134
1133
1132
1131
1129
1128
1128
1126
1124
1124
1124
1122
1119
1118
1117
1117
1117
1114
1113
1110
1108
1106
1106
1105
1104
1104
1103
1101
1096
1096
1095
1095
1093
1090
1088
1088
1086
1084
1084
1082
1081
1079
1079
1078
1077
1077
1076
1075
1074
1073
1073
1071
1070
1070
1069
1069
1068
1068
1066
1063
1062
1060
1060
1060
1058
1058
1057
1057
1056
1056
1055
1054
1054
1054
1053
1052
1052
1052
1051
1051
1051
1049
1049
1049
1048
1048
1047
1046
1045
1042
1042
1042
1040
1040
1039
1038
1037
1037
1036
1036
1036
1036
1035
1033
1032
1032
1030
1030
1029
1029
1027
1027
1026
1026
1023
1023
1023
1023
1021
1021
1020
1020
1019
1018
1018
1017
1017
1015
1014
1013
1011
1010
1009
1009
1009
1007
1006
1005
1002
1001
999
996
996
996
995
993
992
991
990
989
989
988
988
986
986
986
985
984
983
982
981
981
979
978
977
976
976
975
973
971
971
970
966
966
965
964
962
961
958
958
957
956
954
954
954
953
953
951
950
950
950
949
948
948
948
947
945
944
942
942
941
940
940
940
939
935
935
933
933
930
930
929
928
928
926
926
926
924
924
923
923
921
921
920
920
920
919
919
918
916
915
915
915
913
913
912
911
908
907
903
901
900
899
899
899
898
896
895
894
893
892
891
889
887
887
886
886
885
885
884
884
884
882
882
879
876
873
870
870
869
868
867
867
866
865
865
863
862
862
862
859
857
857
856
855
855
855
854
854
853
852
851
851
850
847
847
844
844
843
843
843
841
839
839
838
838
837
837
836
835
834
833
832
831
828
824
824
824
824
820
820
819
818
818
817
811
810
809
808
808
807
807
806
805
804
801
800
797
797
797
796
795
795
794
793
791
791
790
789
789
789
786
785
785
784
784
783
782
781
781
780
778
777
777
775
774
774
774
773
772
772
769
767
766
764
764
762
761
761
760
759
758
756
756
756
755
753
752
751
751
750
749
748
748
747
746
745
744
741
741
741
741
737
735
734
730
730
730
727
727
726
726
725
724
724
724
723
721
720
718
718
718
716
716
715
714
713
713
713
711
708
708
707
707
706
706
704
704
704
703
702
701
700
697
697
696
695
694
693
691
688
687
687
685
684
684
681
680
678
678
677
676
676
676
674
674
674
674
673
673
671
670
668
668
668
667
667
667
667
665
664
664
663
662
662
661
661
660
659
658
658
657
655
655
654
654
653
650
649
649
649
647
647
645
644
644
643
641
640
640
639
639
637
636
636
635
634
633
632
630
630
630
629
626
624
624
624
623
623
623
622
619
618
614
612
612
610
610
609
606
604
604
603
603
602
600
599
597
597
596
595
595
594
593
593
592
592
592
590
589
589
588
586
586
586
585
585
583
580
580
579
579
578
577
577
575
574
574
572
571
570
570
570
569
567
567
565
563
562
561
561
561
558
558
558
558
557
556
556
556
555
551
551
550
548
544
542
542
542
540
538
537
536
535
534
534
533
532
530
528
526
526
525
524
524
524
523
523
521
520
519
517
517
515
515
513
513
513
512
512
511
509
506
503
502
502
502
501
499
498
498
495
490
490
489
489
487
486
485
484
484
483
481
481
481
480
479
476
476
476
475
475
475
474
474
474
471
470
470
470
470
470
468
468
467
465
463
463
460
460
459
457
456
455
455
455
453
453
447
445
444
444
443
441
441
440
440
439
438
438
438
436
436
434
433
432
432
432
431
431
431
431
431
431
429
426
424
424
424
424
422
422
421
421
420
419
419
416
416
416
416
414
412
412
410
410
410
409
408
407
407
402
401
401
399
398
398
397
397
396
396
396
396
395
395
395
395
394
393
391
389
389
388
388
386
386
383
381
380
379
379
377
377
377
374
372
372
371
370
369
369
369
367
366
365
364
364
363
357
357
356
356
352
352
351
349
349
348
347
347
346
345
343
342
340
340
339
339
338
335
335
334
334
330
330
328
325
325
324
324
324
322
319
319
318
315
315
315
314
314
313
313
309
309
309
307
306
305
305
304
303
301
299
298
296
294
293
293
293
293
293
292
291
291
291
289
286
284
284
283
281
279
277
276
275
274
273
272
269
268
268
267
266
265
264
264
264
264
264
262
260
259
258
258
258
256
255
255
255
255
253
253
251
247
247
246
246
245
243
240
239
239
233
232
228
228
227
226
225
224
223
222
221
221
220
220
220
219
219
218
218
217
214
213
213
211
210
208
208
208
207
206
205
203
201
201
199
198
197
197
196
195
194
193
192
191
191
191
190
189
189
187
184
184
184
184
183
183
180
180
180
179
179
178
177
176
174
173
172
172
171
170
168
168
168
167
166
166
164
163
162
162
161
161
159
159
157
157
157
156
155
153
153
151
147
146
146
144
144
143
142
140
139
137
135
135
135
133
133
133
132
131
131
130
129
128
127
127
124
123
121
120
119
119
117
117
116
116
113
112
111
110
110
109
107
106
106
106
102
101
100
100
100
99
97
97
97
96
96
95
93
92
91
85
82
82
81
78
77
77
77
75
75
75
75
75
72
72
70
68
68
67
67
66
66
65
65
65
64
64
64
64
63
63
63
62
62
57
57
57
56
54
51
51
49
49
49
48
47
47
46
46
45
45
43
41
38
38
38
37
36
36
36
35
33
33
32
30
30
29
27
25
25
24
23
22
22
22
21
19
15
15
15
14
14
11
11
10
9
9
7
6
6
5
1
