0
1
2
5
7
7
12
12
13
14
15
15
19
22
22
24
24
24
26
27
27
27
32
33
33
33
33
39
40
42
43
43
47
49
50
51
52
53
53
55
56
56
57
59
61
62
62
62
62
63
63
64
65
65
65
66
66
66
67
67
67
68
69
70
72
73
75
75
76
76
78
78
79
79
79
79
79
82
82
82
82
83
87
88
89
89
89
89
93
93
94
95
96
100
101
101
105
105
106
107
108
110
112
112
113
114
115
116
117
119
120
120
124
124
126
127
127
128
130
130
130
132
133
133
134
135
136
136
137
138
139
140
140
140
144
145
146
147
148
148
149
149
149
150
150
150
152
153
154
154
156
156
158
159
160
160
161
162
165
165
169
169
169
170
171
172
172
172
173
173
174
175
176
176
177
178
180
182
183
185
186
187
189
190
190
191
194
196
196
197
202
202
203
206
208
209
209
210
213
216
217
217
218
220
221
221
221
222
225
226
227
227
228
228
231
234
235
235
235
235
237
237
238
238
239
240
241
242
242
243
244
245
245
247
247
247
248
249
250
251
252
252
253
254
256
257
257
258
259
262
264
264
264
268
268
270
272
273
274
275
275
275
275
275
275
276
278
278
281
282
282
283
283
283
284
285
285
286
286
288
291
291
294
295
296
298
300
301
301
304
304
304
305
307
310
312
313
315
316
317
317
317
317
318
318
319
320
322
322
323
325
325
326
328
328
328
334
337
337
338
339
340
340
342
342
342
342
344
345
345
347
347
348
348
349
349
349
351
352
352
353
354
354
356
357
359
360
360
360
361
361
362
363
364
364
364
365
365
367
367
369
369
370
371
371
371
372
372
373
374
375
375
376
378
378
380
382
382
382
382
385
386
387
387
388
388
389
393
394
394
396
398
398
399
399
399
400
400
400
400
