1
1
1
7
7
7
7
8
10
10
11
11
12
13
16
17
17
19
19
21
21
21
21
22
26
26
32
32
33
36
36
38
38
39
41
43
43
46
46
47
49
49
49
50
50
51
52
54
54
56
60
61
62
63
63
64
64
65
67
70
70
72
75
76
78
79
80
81
81
81
82
82
84
84
84
84
85
85
85
86
88
88
89
92
93
95
98
99
99
101
101
102
102
103
104
104
104
105
105
106
107
109
109
111
112
112
113
114
116
117
120
120
121
122
123
125
127
129
129
131
132
134
135
136
136
136
139
139
139
139
141
142
145
145
146
147
147
147
147
148
149
149
150
150
151
151
152
153
156
156
159
160
162
163
163
165
166
167
168
169
170
170
171
172
172
172
175
176
176
177
178
178
178
179
180
180
180
180
181
183
184
184
185
185
186
187
187
187
189
192
194
194
194
194
195
196
198
200
205
206
206
206
208
208
208
210
210
212
212
215
215
215
217
219
219
219
220
221
221
221
221
224
225
225
226
226
227
232
233
233
234
235
235
235
236
236
236
239
240
240
240
242
244
245
245
246
246
246
249
249
249
249
249
250
250
251
254
254
255
257
258
258
259
259
261
261
261
262
264
264
264
264
266
267
268
269
271
272
273
273
275
275
278
279
281
281
282
284
285
285
286
286
287
287
288
289
289
289
290
290
291
294
295
296
298
298
300
300
300
300
302
302
303
303
304
305
305
308
308
309
310
316
316
317
319
320
321
324
330
330
330
330
333
333
334
336
336
338
338
339
339
340
340
340
341
342
345
345
346
347
348
348
350
350
352
353
354
354
355
355
356
357
357
358
359
361
362
362
362
362
363
364
367
367
369
370
373
374
374
374
375
376
377
377
380
380
382
386
389
390
392
393
395
396
396
398
398
399
400
400
400
400
400
401
403
404
404
406
407
411
412
413
414
415
415
415
416
416
417
418
418
418
418
419
419
420
422
422
424
427
428
433
434
435
435
436
437
438
438
439
439
441
443
445
445
446
450
453
456
458
459
459
459
463
464
464
464
465
465
466
466
467
467
467
468
469
469
469
470
471
471
471
472
472
473
474
474
476
480
482
484
485
485
487
492
493
495
496
497
497
497
498
499
500
501
501
503
503
505
508
513
513
514
516
516
518
518
518
518
518
519
520
522
523
523
523
523
526
527
528
529
529
530
531
533
534
534
534
535
535
535
535
536
536
537
538
538
538
541
541
541
542
543
546
548
549
550
551
554
555
556
557
558
561
561
563
566
566
567
568
570
572
574
575
577
578
578
579
580
581
582
582
582
583
585
586
587
587
588
589
591
595
598
598
599
599
599
600
600
601
602
603
605
605
606
607
608
610
610
610
610
612
614
615
617
618
620
621
621
625
625
629
630
630
631
632
633
634
635
635
638
640
640
641
641
646
646
647
649
651
651
651
652
652
652
654
654
654
655
655
655
655
657
660
661
663
663
664
665
666
667
667
667
667
669
669
670
672
672
672
674
678
680
681
681
682
683
683
684
687
687
688
689
689
690
691
691
691
693
695
696
697
697
697
698
699
701
703
704
706
707
707
708
708
711
712
713
714
715
718
719
720
720
720
723
724
725
726
728
729
731
732
732
732
732
733
734
735
736
737
737
739
739
740
741
742
743
746
746
748
749
751
751
752
752
753
753
756
757
759
762
763
764
764
765
766
766
767
768
768
769
769
772
772
777
777
777
779
781
782
782
783
784
784
784
785
785
789
790
790
790
791
791
795
797
800
800
801
802
802
802
803
804
805
806
806
807
808
809
813
813
813
814
814
815
817
819
823
823
823
824
826
826
827
827
828
828
828
829
829
829
830
831
832
833
833
834
835
837
837
838
839
841
841
842
844
846
847
848
848
850
852
853
853
853
855
860
861
861
862
862
863
866
866
868
871
871
872
872
872
872
873
873
874
874
879
880
882
885
885
885
885
886
886
887
887
888
888
888
890
890
892
893
893
893
893
893
896
896
897
900
900
902
902
904
904
904
905
905
905
906
907
908
909
912
912
913
914
914
915
915
916
916
917
917
917
920
922
923
924
924
924
925
927
927
927
928
928
928
928
928
929
929
930
930
931
934
934
935
936
936
937
937
938
939
942
943
944
945
948
949
950
951
951
951
951
953
955
960
960
960
961
961
961
963
966
967
970
971
971
972
972
972
973
974
974
976
977
977
979
979
980
980
982
983
985
986
988
989
990
990
991
992
994
994
994
997
997
998
999
1001
1001
1001
1001
1001
1003
1005
1007
1007
1011
1011
1012
1012
1012
1013
1015
1015
1016
1018
1023
1024
1024
1026
1026
1026
1027
1028
1028
1029
1029
1030
1030
1034
1036
1037
1037
1041
1043
1043
1043
1044
1047
1047
1048
1048
1048
1049
1049
1053
1053
1055
1055
1058
1058
1059
1060
1060
1061
1061
1062
1062
1062
1062
1064
1065
1065
1069
1069
1070
1071
1072
1073
1074
1074
1077
1079
1081
1082
1083
1084
1084
1086
1086
1089
1091
1092
1093
1094
1094
1096
1098
1099
1100
1101
1101
1104
1104
1104
1107
1108
1108
1109
1110
1110
1111
1111
1114
1115
1115
1115
1115
1115
1116
1116
1116
1118
1121
1122
1125
1127
1127
1127
1128
1128
1129
1132
1132
1133
1136
1137
1137
1141
1141
1142
1142
1142
1143
1146
1147
1149
1150
1150
1150
1151
1153
1153
1153
1157
1157
1157
1159
1160
1161
1163
1163
1164
1164
1165
1166
1167
1168
1171
1174
1176
1177
1180
1183
1183
1183
1184
1187
1188
1192
1192
1193
1193
1194
1195
1195
1195
1195
1197
1197
1198
1199
1200
1200
1202
1203
1203
1204
1204
1205
1206
1208
1208
1209
1210
1211
1211
1213
1213
1214
1217
1219
1219
1220
1220
1221
1221
1221
1224
1224
1225
1227
1229
1229
1229
1230
1233
1236
1236
1237
1239
1240
1240
1242
1244
1245
1245
1246
1246
1247
1249
1249
1250
1251
1251
1252
1252
1252
1253
1254
1257
1258
1258
1259
1260
1262
1264
1264
1265
1265
1265
1267
1267
1268
1268
1272
1274
1275
1276
1278
1280
1282
1282
1285
1285
1286
1287
1289
1291
1292
1292
1294
1294
1295
1297
1299
1300
1302
1303
1303
1304
1306
1306
1307
1308
1309
1310
1311
1311
1314
1315
1315
1316
1316
1318
1319
1320
1321
1322
1322
1323
1323
1323
1324
1324
1326
1327
1327
1327
1328
1329
1329
1330
1330
1330
1332
1332
1337
1338
1339
1339
1339
1340
1341
1344
1345
1348
1349
1349
1349
1349
1350
1352
1352
1353
1353
1357
1357
1360
1361
1361
1362
1363
1364
1364
1364
1364
1364
1366
1366
1369
1371
1371
1372
1374
1375
1375
1376
1376
1380
1381
1382
1382
1383
1383
1385
1385
1385
1386
1389
1389
1390
1390
1390
1391
1392
1392
1393
1393
1393
1394
1396
1397
1398
1399
1402
1403
1404
1405
1406
1407
1407
1407
1410
1410
1412
1414
1414
1417
1418
1418
1419
1422
1423
1423
1425
1427
1429
1430
1433
1435
1435
1435
1437
1438
1439
1440
1441
1441
1441
1441
1442
1443
1444
1444
1444
1445
1446
1448
1450
1452
1453
1454
1455
1456
1456
1457
1457
1458
1459
1460
1460
1462
1464
1466
1468
1468
1469
1470
1470
1470
1471
1471
1474
1475
1475
1476
1476
1477
1479
1480
1483
1483
1484
1485
1485
1485
1488
1491
1491
1492
1492
1499
1500
1500
1500
1501
1502
1504
1507
1507
1510
1510
1511
1511
1511
1512
1514
1519
1519
1519
1519
1521
1522
1523
1525
1526
1527
1527
1528
1529
1530
1530
1531
1531
1534
1534
1534
1535
1535
1535
1535
1536
1536
1536
1536
1536
1537
1537
1538
1538
1539
1540
1540
1540
1541
1542
1542
1544
1545
1546
1547
1547
1547
1549
1551
1551
1552
1553
1554
1554
1554
1555
1555
1555
1556
1557
1558
1559
1559
1561
1563
1563
1564
1567
1567
1567
1569
1569
1570
1573
1574
1574
1575
1575
1576
1576
1577
1578
1578
1579
1580
1582
1582
1583
1583
1585
1587
1588
1589
1590
1591
1591
1592
1595
1597
1598
1599
1601
1602
1602
1603
1603
1604
1607
1608
1608
1608
1609
1612
1613
1615
1616
1617
1618
1619
1620
1621
1621
1622
1622
1624
1624
1624
1624
1625
1627
1628
1629
1630
1631
1633
1633
1633
1634
1634
1634
1635
1638
1638
1638
1638
1639
1640
1640
1642
1642
1644
1644
1645
1646
1646
1646
1647
1648
1648
1649
1649
1649
1650
1653
1654
1655
1656
1657
1658
1659
1659
1659
1660
1660
1662
1662
1664
1664
1664
1665
1666
1666
1668
1669
1671
1671
1675
1677
1678
1679
1680
1681
1681
1682
1682
1683
1684
1684
1684
1686
1686
1686
1686
1687
1690
1692
1693
1694
1694
1694
1694
1694
1695
1697
1699
1701
1701
1702
1703
1704
1706
1708
1708
1708
1708
1708
1709
1709
1710
1711
1712
1712
1713
1713
1714
1714
1715
1715
1715
1716
1717
1718
1718
1725
1725
1726
1727
1727
1728
1729
1734
1734
1734
1738
1741
1741
1743
1743
1744
1744
1744
1745
1747
1747
1748
1748
1748
1749
1749
1750
1752
1754
1755
1756
1756
1756
1758
1760
1760
1762
1762
1765
1766
1767
1767
1769
1770
1771
1771
1772
1773
1773
1773
1775
1776
1777
1778
1779
1780
1780
1780
1781
1785
1786
1786
1787
1787
1788
1788
1789
1790
1792
1794
1794
1795
1796
1799
1799
1799
1800

