0
3
3
4
4
5
5
5
6
6
8
9
10
10
10
12
13
14
14
18
19
19
20
20
21
23
24
24
26
27
28
30
31
32
34
34
35
35
35
37
39
42
42
43
44
45
45
46
47
49
50
51
52
54
56
58
59
61
61
62
63
64
64
64
66
68
70
71
71
71
71
71
72
72
74
75
77
78
79
80
82
82
87
90
91
91
91
92
96
97
98
98
98
99
99
101
101
101
103
103
103
105
107
108
109
109
111
111
111
112
113
113
115
116
118
121
121
122
122
123
127
128
129
131
132
132
132
133
134
135
136
138
140
140
142
144
145
146
146
147
148
150
152
153
153
153
155
156
156
159
159
159
160
161
162
164
166
166
167
168
168
170
170
171
171
172
173
175
177
180
182
184
185
185
186
188
191
191
192
194
194
196
199
202
202
203
203
204
205
206
207
207
207
211
212
212
213
213
214
214
215
216
217
217
217
217
218
218
219
221
221
222
224
224
224
228
228
228
229
230
234
235
237
238
238
238
243
246
246
247
247
247
248
251
254
255
256
256
258
258
260
260
260
261
263
264
265
266
268
268
269
270
273
273
276
278
278
278
278
281
284
284
287
287
288
288
289
291
291
293
293
294
295
296
297
298
298
299
299
300
304
305
308
310
311
312
315
317
317
317
319
322
323
325
325
326
331
332
333
334
334
335
335
335
338
339
341
346
347
347
347
348
351
352
352
353
358
359
359
361
362
362
362
365
366
366
366
367
367
368
372
372
372
373
374
374
374
375
375
375
375
376
376
377
378
378
378
381
383
388
390
390
391
393
394
394
394
397
398
398
399
399
400
402
404
404
405
406
408
410
410
411
411
411
412
412
412
413
413
414
415
415
415
415
415
416
419
421
422
429
430
430
431
432
433
434
434
434
437
438
441
442
442
445
445
447
447
448
448
449
449
449
449
450
450
450
452
456
460
462
462
462
463
463
464
464
466
467
467
467
468
469
472
472
472
476
477
477
477
478
479
481
482
482
482
483
485
488
489
489
490
490
490
491
491
491
492
495
496
496
498
499
499
501
503
504
505
505
505
505
506
507
507
508
509
510
511
516
518
519
523
524
524
524
525
526
528
529
529
530
531
531
533
533
534
536
538
538
539
540
541
542
543
544
545
545
546
546
547
548
549
549
552
552
553
554
555
555
556
556
559
560
560
561
563
563
563
563
563
564
565
566
569
570
570
573
575
575
576
576
576
576
579
580
582
582
582
584
585
585
586
589
589
593
599
599
602
604
604
604
604
606
607
607
608
609
612
612
614
615
615
617
617
617
617
617
617
618
619
619
619
619
622
622
623
623
624
625
627
630
631
633
633
634
634
637
638
638
639
642
642
644
646
647
647
647
648
650
650
650
651
653
654
659
661
663
664
664
666
667
667
670
670
671
672
676
676
676
678
680
681
682
682
683
683
684
687
689
689
691
692
693
693
694
695
696
696
697
697
698
699
703
703
703
703
707
709
709
711
711
712
712
713
713
714
715
716
717
719
721
722
722
722
723
723
723
725
726
727
731
732
732
733
733
734
736
737
737
737
739
742
745
746
747
749
750
750
753
754
758
758
758
759
762
764
764
765
765
765
766
766
767
767
767
767
768
768
770
770
771
771
772
774
776
778
779
780
782
782
786
786
786
786
789
790
791
791
794
796
798
798
798
799
799
801
801
802
802
802
806
806
806
807
810
813
815
815
816
818
818
819
819
820
820
822
822
823
824
824
825
825
825
826
826
826
827
828
829
829
830
832
834
835
835
837
838
840
840
840
841
841
843
848
849
849
849
850
850
852
852
853
854
854
855
855
857
860
860
860
860
861
863
865
866
866
866
867
868
869
871
871
872
874
876
876
877
879
880
880
880
881
882
882
882
883
883
885
885
885
885
886
887
888
889
890
892
892
893
893
893
894
896
897
897
898
899
900
901
902
903
904
904
904
904
905
906
909
910
911
911
913
913
915
915
916
918
920
923
924
925
925
925
926
926
927
929
930
931
931
932
932
934
935
935
936
936
936
936
937
937
937
938
939
939
939
940
941
941
942
945
947
947
948
949
949
949
949
949
950
953
953
954
955
957
958
958
959
959
960
960
961
961
961
961
961
963
964
964
967
967
968
968
969
970
971
976
977
978
979
980
984
984
988
988
991
992
993
993
999
1000
1000
1002
1002
1005
1006
1006
1010
1010
1010
1010
1011
1011
1013
1013
1014
1014
1016
1017
1018
1018
1018
1019
1020
1020
1021
1022
1022
1024
1026
1027
1028
1028
1029
1030
1031
1032
1034
1035
1035
1035
1036
1037
1037
1037
1039
1040
1041
1041
1041
1043
1043
1045
1046
1048
1050
1051
1052
1055
1055
1055
1055
1055
1056
1058
1059
1060
1061
1062
1062
1063
1064
1064
1065
1065
1065
1067
1070
1072
1073
1073
1074
1075
1075
1076
1076
1076
1077
1079
1080
1080
1080
1082
1083
1084
1085
1086
1086
1086
1086
1090
1090
1091
1092
1093
1094
1096
1097
1097
1098
1099
1099
1100
1100
1101
1101
1102
1102
1103
1104
1110
1110
1111
1111
1111
1111
1115
1115
1117
1117
1118
1119
1121
1121
1121
1121
1121
1121
1122
1122
1123
1123
1124
1124
1125
1126
1128
1128
1128
1129
1129
1131
1131
1132
1133
1134
1136
1137
1140
1140
1141
1142
1143
1145
1149
1149
1150
1150
1151
1151
1154
1154
1154
1157
1158
1158
1160
1160
1162
1164
1164
1164
1164
1165
1165
1166
1170
1170
1172
1173
1173
1173
1176
1177
1178
1178
1178
1178
1180
1181
1183
1184
1184
1184
1186
1187
1187
1190
1193
1193
1193
1194
1197
1198
1198
1199
1199
1200
1201
1202
1205
1206
1209
1214
1216
1216
1216
1219
1220
1225
1228
1229
1231
1232
1232
1232
1233
1234
1234
1234
1235
1236
1236
1237
1239
1239
1240
1240
1241
1243
1245
1246
1246
1246
1247
1247
1248
1249
1249
1250
1252
1252
1254
1255
1256
1256
1258
1259
1260
1261
1263
1264
1266
1268
1268
1268
1270
1270
1270
1270
1270
1271
1271
1272
1273
1274
1275
1275
1276
1281
1281
1282
1283
1286
1288
1290
1290
1290
1291
1291
1292
1292
1293
1293
1294
1295
1296
1296
1296
1296
1297
1297
1298
1298
1300
1300
1300
1301
1304
1304
1305
1305
1306
1306
1309
1309
1311
1313
1317
1318
1319
1319
1320
1321
1321
1324
1324
1325
1326
1326
1329
1330
1331
1332
1333
1334
1334
1339
1339
1340
1340
1340
1340
1340
1343
1344
1345
1347
1348
1349
1349
1351
1353
1353
1354
1355
1356
1356
1357
1357
1358
1359
1361
1361
1363
1370
1370
1375
1375
1377
1378
1378
1379
1380
1382
1382
1382
1382
1382
1386
1386
1386
1387
1388
1389
1391
1391
1393
1394
1394
1397
1397
1400
1401
1402
1402
1402
1405
1405
1406
1406
1408
1408
1408
1409
1410
1410
1412
1413
1415
1416
1416
1417
1419
1420
1420
1421
1422
1422
1423
1424
1425
1427
1429
1429
1430
1431
1431
1434
1435
1435
1436
1438
1438
1439
1440
1440
1440
1442
1442
1442
1442
1444
1445
1445
1446
1446
1447
1447
1447
1447
1448
1448
1448
1449
1449
1449
1449
1450
1452
1452
1452
1453
1453
1453
1455
1457
1457
1458
1459
1459
1459
1459
1460
1460
1461
1461
1462
1463
1463
1464
1465
1466
1468
1468
1469
1470
1470
1470
1471
1472
1472
1473
1473
1474
1475
1475
1475
1476
1477
1477
1478
1480
1482
1485
1485
1487
1489
1489
1489
1489
1490
1490
1490
1491
1492
1492
1494
1495
1496
1496
1496
1498
1498
1500
1500
1500
1500
1501
1501
1502
1505
1505
1506
1511
1512
1513
1513
1514
1515
1515
1517
1517
1519
1519
1519
1522
1523
1526
1526
1527
1527
1529
1529
1534
1534
1537
1539
1539
1540
1541
1542
1543
1543
1544
1546
1547
1547
1548
1550
1550
1551
1551
1553
1554
1555
1556
1558
1559
1559
1559
1561
1565
1565
1565
1566
1566
1567
1569
1570
1571
1571
1571
1573
1573
1576
1576
1576
1576
1577
1577
1579
1580
1581
1582
1583
1583
1584
1584
1584
1585
1586
1587
1588
1589
1590
1591
1591
1591
1592
1593
1594
1595
1596
1597
1597
1598
1598
1599
1600
1600
