0
0
2
6
7
10
12
12
12
13
14
15
18
18
20
20
20
21
21
22
22
23
26
27
28
28
31
31
32
32
34
36
36
37
38
39
39
39
40
41
42
43
43
45
45
46
47
47
51
52
52
52
53
53
53
54
55
57
59
60
61
61
63
63
66
67
69
69
71
72
74
75
76
78
80
81
82
84
85
87
88
88
88
89
89
89
91
91
92
92
93
94
94
96
97
98
99
99
99
102
103
104
106
107
107
108
109
109
110
111
111
111
113
113
114
114
115
117
117
118
118
118
119
119
119
120
122
122
123
125
126
126
129
130
132
132
133
135
135
138
139
140
141
141
144
148
148
148
148
150
151
151
154
158
158
161
161
162
163
163
163
165
166
171
171
172
173
175
178
178
179
179
180
182
185
189
189
189
192
193
196
196
198
198
200
200
200
200
202
202
204
205
205
205
205
207
208
208
212
215
215
215
215
216
216
217
218
220
221
221
224
224
226
228
228
228
229
229
230
231
232
233
237
238
238
239
239
241
241
242
243
243
244
244
246
247
247
248
248
249
249
250
250
250
251
252
253
254
255
256
259
259
260
261
261
261
262
262
263
263
267
267
267
269
271
272
272
272
273
274
278
278
279
280
280
281
282
282
282
283
286
286
288
289
289
290
290
290
292
292
292
294
295
298
302
303
303
303
304
304
306
306
308
310
310
311
312
313
313
313
314
316
316
317
317
317
319
320
321
321
321
322
322
322
323
323
323
323
323
323
324
324
326
329
330
331
331
332
332
335
337
338
339
340
341
341
343
343
344
344
346
352
353
353
354
356
360
361
361
362
364
365
366
367
367
368
368
373
373
373
373
373
374
374
375
376
376
378
385
385
385
389
390
392
392
394
394
394
395
395
396
397
397
403
403
406
407
408
410
412
413
413
413
414
414
414
416
418
420
422
422
424
424
424
425
425
425
425
426
426
428
428
429
430
430
430
431
434
434
434
435
435
435
435
438
442
443
447
450
451
451
453
453
454
454
454
457
458
459
459
459
459
459
461
462
462
463
463
464
465
466
466
466
466
467
468
470
474
475
475
476
476
478
479
479
480
481
481
482
485
485
485
486
486
489
491
492
492
495
496
496
499
501
502
503
506
509
509
511
511
512
512
512
513
514
514
515
515
517
517
521
521
521
522
523
523
524
524
525
526
527
528
529
529
530
531
532
534
535
535
536
537
540
542
543
543
543
546
547
547
548
550
553
554
554
554
555
555
555
557
557
557
558
560
561
562
564
564
564
566
566
566
567
567
568
569
569
570
573
573
573
573
575
576
580
581
581
581
582
584
585
585
587
589
590
591
591
592
592
592
593
593
593
594
594
594
598
598
599
599
