0
0
1
1
2
4
6
7
7
8
8
11
12
13
13
14
14
15
15
16
16
17
17
18
19
19
20
22
22
23
23
24
25
27
29
30
31
31
33
34
35
36
36
37
39
41
42
44
49
49
52
54
55
56
56
57
57
58
58
59
60
61
63
63
63
63
64
65
66
66
66
67
67
68
69
69
71
72
72
72
74
75
75
79
80
80
81
83
83
83
85
86
86
88
89
92
93
96
103
105
105
106
107
107
107
108
109
109
109
113
113
114
114
114
115
115
115
116
119
119
121
121
121
123
123
124
125
126
127
129
129
132
133
133
134
135
136
138
138
141
142
142
142
145
146
147
147
148
149
149
151
151
152
152
152
153
153
154
155
155
157
157
160
160
162
162
162
163
164
164
164
166
170
170
172
172
173
174
175
176
178
182
183
184
186
186
186
187
187
188
189
189
189
189
189
190
190
190
190
191
192
192
194
195
197
197
198
199
200
201
204
204
205
205
206
206
209
209
211
211
215
215
216
216
217
217
217
218
218
219
221
222
222
223
223
224
225
226
226
226
227
228
229
230
231
231
231
232
233
234
235
237
238
238
238
238
239
240
241
242
245
247
247
248
250
250
251
252
252
253
254
256
256
257
258
259
262
263
264
264
264
264
266
267
267
268
268
270
272
272
272
273
274
275
276
278
278
279
279
284
285
285
286
289
289
290
291
292
293
293
294
295
296
296
296
297
297
298
298
299
300
303
305
305
306
306
307
308
308
309
309
311
311
315
315
317
317
319
319
320
320
320
322
326
327
328
330
332
334
335
336
336
337
337
337
338
339
339
339
340
342
342
344
344
346
346
347
347
348
350
350
352
353
354
355
356
357
359
361
362
363
364
367
368
369
370
370
371
371
372
374
374
375
376
376
376
377
377
378
378
379
379
381
383
384
385
385
388
390
392
393
394
395
395
396
397
398
404
404
404
406
407
407
409
409
409
411
414
418
419
419
419
421
422
422
422
423
423
424
424
424
424
425
426
426
428
428
429
429
432
434
438
439
440
442
442
445
446
447
448
452
452
453
453
454
455
455
455
456
457
458
458
459
460
462
462
463
463
463
465
465
466
466
466
467
467
467
468
469
471
471
472
472
474
474
474
475
475
477
478
478
485
485
487
487
490
493
495
495
497
498
499
499
500
500
509
509
510
510
512
513
514
515
519
520
520
520
520
520
521
521
523
524
524
525
527
527
527
528
529
529
530
532
536
536
537
538
542
543
545
548
548
549
549
551
552
552
552
553
553
557
559
559
559
560
560
564
564
564
564
566
566
567
567
569
570
571
573
574
576
578
578
580
580
581
582
583
583
584
586
586
587
587
587
588
589
589
589
593
594
597
597
598
601
601
603
603
603
604
604
605
605
606
606
607
607
609
609
610
612
612
615
616
617
617
618
619
620
621
623
624
625
626
626
626
626
627
631
631
631
634
635
635
637
637
644
645
645
645
646
646
650
650
654
656
662
662
662
664
666
666
668
670
670
672
672
673
674
674
674
675
676
677
679
679
679
680
681
685
685
685
687
687
688
689
690
691
691
692
693
694
695
696
698
698
699
699
700
703
704
704
705
706
707
708
709
711
712
713
713
715
715
715
717
718
719
719
719
720
721
723
723
723
724
724
724
725
725
728
729
729
729
731
732
733
735
736
737
737
737
739
740
741
741
741
742
745
745
746
747
748
748
749
749
749
750
750
750
751
752
755
755
756
757
757
758
760
760
761
762
764
764
766
766
767
767
771
773
773
773
774
778
779
781
782
783
783
784
784
786
787
789
789
793
794
796
796
797
798
800
