2
2
3
4
4
4
5
8
9
11
11
11
12
13
15
17
17
17
17
18
19
19
19
20
20
21
23
24
24
25
25
26
26
30
31
32
32
33
34
35
37
38
38
40
40
40
40
41
42
42
43
43
44
45
45
49
50
50
50
51
54
54
54
54
54
54
55
55
55
56
57
58
60
60
62
64
65
68
70
71
72
72
72
75
75
77
79
79
80
80
80
81
82
82
84
84
89
90
92
93
94
94
95
95
95
96
96
99
100
101
101
102
103
104
104
105
106
106
106
108
108
109
110
112
113
114
116
119
120
121
121
122
123
124
124
126
127
131
132
134
135
136
138
139
140
142
142
143
144
144
148
148
149
150
151
151
152
152
152
153
154
154
154
155
156
157
158
159
161
161
163
165
168
168
169
170
171
172
173
173
174
176
176
177
178
179
180
180
181
190
191
192
192
193
195
195
196
199
199
199
